----Estudiante: Jose Ignacio Viquez Rojas B78451, Tarea 1----
Evaluaciones: 1
------Sumas optenidas------
Suma de la cajaA:1664737877
Suma de la cajaB:1664737869
Suma de la cajaC:1664737873
Diferencia(f): 96
Diferencia al dividirla entre 10^12(f): 0.000000
Asignaciones de los numeros:
------CajaA------
999960
999886
999869
999831
999779
999754
999716
999705
999673
999656
999605
999579
999548
999520
999494
999430
999412
999366
999316
999312
999232
999223
999184
999159
999119
999078
999052
999033
999020
998979
998972
998865
998843
998783
998782
998729
998725
998686
998665
998650
998585
998583
998504
998503
998468
998358
998357
998317
998304
998259
998226
998153
998144
998071
998015
998015
997954
997916
997884
997839
997824
997741
997726
997702
997652
997638
997607
997529
997421
997412
997395
997299
997235
997165
997164
997133
997086
997024
996889
996858
996800
996772
996718
996702
996588
996556
996511
996490
996468
996424
996408
996320
996284
996259
996238
996206
996147
996082
996068
996050
996022
996005
995999
995927
995897
995866
995724
995712
995654
995614
995601
995553
995493
995481
995460
995417
995306
995280
995264
995259
995135
995103
995058
995018
994909
994893
994881
994827
994764
994702
994662
994638
994608
994548
994478
994458
994432
994420
994350
994309
994272
994248
994184
994145
994120
994090
994009
994002
993945
993881
993855
993700
993688
993652
993567
993556
993528
993522
993496
993459
993440
993401
993328
993312
993298
993237
993217
993151
993111
993016
992967
992933
992898
992822
992772
992751
992692
992687
992600
992574
992524
992506
992368
992333
992315
992260
992201
992199
992169
992131
992126
992101
992024
991980
991973
991883
991846
991823
991793
991724
991654
991641
991583
991581
991512
991511
991473
991422
991419
991348
991333
991295
991293
991193
991131
991124
991048
991019
990998
990892
990855
990844
990803
990769
990725
990717
990684
990627
990613
990488
990485
990465
990377
990320
990270
990243
990231
990212
990204
990167
990144
990046
990033
989988
989966
989897
989897
989819
989816
989658
989551
989519
989509
989476
989433
989422
989371
989353
989306
989294
989135
989080
989043
989033
988979
988976
988931
988913
988895
988839
988798
988760
988670
988619
988605
988567
988501
988493
988405
988396
988303
988243
988231
988153
988141
988040
988037
987980
987946
987914
987860
987801
987793
987757
987721
987719
987630
987589
987554
987538
987437
987346
987321
987253
987165
987164
987078
987074
987026
986932
986908
986887
986860
986804
986698
986645
986604
986572
986507
986493
986461
986454
986362
986343
986282
986210
986175
986163
986060
986045
986034
986015
985995
985965
985888
985882
985796
985788
985688
985640
985627
985597
985533
985495
985442
985399
985319
985289
985244
985184
985153
985135
985046
985015
985011
984939
984932
984911
984840
984834
984750
984724
984718
984682
984650
984637
984578
984575
984546
984501
984455
984422
984327
984326
984260
984204
984162
984149
984043
983989
983974
983933
983910
983895
983853
983797
983771
983652
983652
983592
983577
983482
983478
983410
983342
983310
983280
983233
983167
983134
983131
983088
983042
982957
982920
982887
982876
982834
982782
982778
982627
982614
982594
982512
982485
982365
982316
982274
982195
982125
982072
982002
981933
981911
981882
981839
981800
981737
981696
981655
981638
981582
981543
981502
981409
981398
981384
981323
981250
981211
981137
980973
980859
980817
980758
980689
980668
980650
980562
980546
980472
980468
980452
980311
980300
980280
980215
980190
980146
980107
980074
979950
979928
979920
979873
979788
979780
979758
979749
979634
979612
979576
979561
979410
979401
979381
979317
979289
979251
979211
979200
979084
979082
979065
978934
978918
978850
978850
978796
978735
978730
978649
978591
978557
978504
978489
978475
978416
978380
978377
978305
978259
978200
978088
978070
977982
977978
977907
977849
977823
977795
977773
977723
977663
977638
977612
977580
977522
977512
977491
977391
977303
977272
977225
977219
977210
977187
977073
977037
977001
976983
976894
976848
976823
976784
976778
976645
976620
976614
976594
976583
976536
976474
976443
976346
976219
976206
976170
976088
975988
975957
975877
975867
975758
975664
975531
975491
975422
975348
975333
975249
975217
975190
975118
975079
975024
974973
974949
974877
974841
974830
974779
974742
974669
974668
974529
974516
974479
974457
974437
974422
974385
974324
974289
974266
974243
974185
974153
974112
974034
974030
973974
973864
973832
973751
973739
973659
973596
973592
973517
973428
973399
973377
973353
973264
973250
973199
973166
973138
973125
973025
972961
972947
972895
972883
972814
972790
972522
972476
972446
972405
972362
972300
972239
972196
972174
972049
972036
971954
971933
971928
971825
971785
971743
971738
971633
971623
971527
971514
971498
971446
971396
971200
971196
971103
971039
970889
970841
970834
970780
970643
970561
970548
970451
970393
970333
970260
970253
970221
970161
970116
970032
969924
969909
969871
969823
969805
969732
969699
969648
969648
969618
969569
969549
969395
969320
969278
969252
969220
969156
969124
969101
969035
969017
968983
968901
968840
968815
968811
968684
968663
968551
968538
968507
968481
968423
968398
968360
968336
968149
968104
968032
967987
967975
967880
967797
967788
967688
967685
967649
967636
967475
967445
967413
967405
967200
967190
967124
967097
967019
966969
966929
966913
966794
966752
966705
966674
966615
966477
966451
966416
966314
966300
966226
966220
966158
966005
965949
965908
965886
965813
965789
965656
965595
965523
965305
965234
965202
965126
965118
965068
964977
964952
964894
964798
964743
964688
964668
964648
964551
964539
964467
964386
964376
964351
964246
964190
964128
964068
963978
963962
963876
963831
963790
963750
963710
963655
963534
963523
963407
963358
963270
963181
963143
963045
963024
962972
962951
962941
962812
962802
962759
962706
962683
962671
962490
962474
962426
962367
962343
962227
962198
962162
962081
962040
961985
961963
961876
961766
961738
961724
961565
961561
961473
961400
961336
961300
961190
961133
961079
960979
960911
960887
960759
960695
960637
960632
960514
960509
960447
960387
960325
960258
960226
960194
960036
960032
959984
959971
959907
959882
959831
959795
959763
959724
959680
959627
959591
959557
959523
959443
959431
959415
959370
959268
959206
959101
959039
958975
958923
958891
958845
958803
958793
958731
958649
958566
958536
958391
958339
958211
958200
958096
958035
957901
957863
957832
957795
957721
957583
957566
957465
957450
957361
957328
957306
957216
957194
957111
957083
957053
957007
956921
956903
956840
956788
956655
956654
956599
956496
956470
956358
956331
956329
956233
956220
956028
955969
955932
955931
955776
955727
955714
955677
955595
955586
955405
955401
955316
955295
955200
955160
955154
955096
955023
954961
954953
954800
954709
954701
954626
954610
954573
954566
954403
954362
954294
954284
954176
954035
953956
953838
953764
953669
953501
953488
953428
953365
953146
953100
952987
952885
952828
952787
952712
952636
952613
952441
952434
952409
952259
952171
952154
952067
952057
951962
951936
951897
951702
951611
951576
951397
951386
951285
951242
951164
951101
951020
950953
950806
950745
950620
950559
950517
950385
950352
950254
950251
950228
950125
950075
950044
949838
949831
949714
949565
949525
949455
949443
949407
949360
949255
949179
949152
949101
948941
948937
948860
948744
948744
948658
948579
948579
948520
948394
948308
948281
948141
948049
947957
947820
947757
947680
947501
947384
947371
947287
947155
947052
947011
946886
946786
946743
946665
946649
946458
946412
946227
946188
946021
945996
945876
945868
945794
945760
945684
945582
945490
945317
945238
945023
945022
944974
944913
944805
944773
944617
944575
944520
944424
944411
944301
944255
944167
944163
943909
943865
943778
943591
943558
943517
943452
943339
943327
943204
943098
943074
942937
942887
942875
942829
942777
942694
942647
942579
942516
942402
942344
942189
942078
942015
941881
941797
941730
941705
941646
941600
941393
941293
941233
941155
941065
940923
940901
940710
940673
940531
940524
940340
940314
940296
940279
940167
940156
940142
939977
939876
939802
939787
939628
939613
939504
939483
939388
939370
939301
939231
939157
938796
938778
938708
938578
938511
938298
938264
938176
938142
938120
937811
937765
937720
937526
937494
937398
937238
937189
937112
936835
936689
936629
936557
936523
936330
936234
936111
936029
935944
935871
935752
935668
935537
935409
935327
935300
935100
935063
934894
934768
934758
934573
934544
934399
934325
934262
934029
933971
933891
933713
933693
933601
933560
933272
933165
933145
932964
932930
932882
932598
932591
932467
932425
932078
932076
931903
931826
931804
931439
931415
931335
931244
931162
930976
930918
930880
930876
930811
930522
930397
930328
930232
930108
929910
929618
929587
929541
929503
929353
929240
929117
928984
928965
928851
928784
928747
928702
928601
928401
928068
928034
927973
927945
927862
927539
927479
927362
927297
927031
926980
926946
926887
926425
926399
926344
925988
925813
925595
925391
925379
925173
925020
924741
924444
924315
924284
924212
923975
923759
923639
923529
923448
923354
923104
922926
922760
922696
922367
922280
922125
921897
921854
921522
921445
921062
921012
920806
920635
920535
920416
920216
920100
919849
919812
919771
919470
919458
919071
918950
918639
918555
918257
918240
918127
917364
917297
917103
916652
916598
916532
916343
916093
915421
915123
915027
914947
914567
914422
914184
913682
913357
913172
912837
912621
912546
911287
911265
910821
910368
910354
910124
909560
908922
908637
908550
907810
907675
907635
906565
906427
906205
904940
903975
903633
902646
898930
898477
897189
896137
894189
892995
891593
890671
889003
888594
886650
885573
885312
884809
884398
883109
883105
878556
878500
875721
875547
874152
872898
871433
869753
869390
867583
866655
865216
864728
863023
861596
860773
860118
859384
859075
858527
856687
855726
854442
853650
852651
850455
849872
849498
847697
846988
845039
844883
843903
841225
838974
838822
837690
836223
834167
834138
832281
831266
831198
829635
829027
828764
826262
825931
824869
823628
822836
821833
821211
819724
819653
817154
816837
814647
813467
811636
810935
810791
808876
807504
805169
804743
803691
802672
802441
802176
800993
799918
799468
798149
796237
796088
794746
792571
792145
790364
786584
784420
783334
780466
779160
776695
775657
774296
772578
772215
771166
770748
769117
768983
766479
766452
764904
763881
763013
762088
761703
760907
760064
758590
758471
756483
755560
755238
753976
753352
753054
752881
750916
750836
748262
747816
745502
745375
744137
743248
742745
741625
739451
739347
737903
735864
735800
735331
733308
732121
731021
727916
727189
725182
724366
723218
722091
721187
718859
717728
717434
714972
714654
713798
713113
712431
711500
709518
709289
707447
705069
704322
703257
702681
699216
697579
697232
696173
695759
695055
694100
693633
691503
690241
689842
687513
685782
685432
682038
681969
679587
678537
678433
675329
673843
672336
671036
669217
667665
667088
665492
665020
664676
662574
660828
659441
658783
656476
655039
654280
653043
652718
650289
650247
649302
648430
645977
645019
644276
642617
640905
640249
639037
637765
637465
636776
634896
632062
631041
628739
626965
626740
626231
624554
623608
619334
618668
617079
615284
611924
610452
609497
608690
606420
605292
605131
602773
602400
599627
598781
598410
598002
595926
595575
594444
592537
591168
589927
589191
587811
587485
586241
586132
583202
582925
582087
580928
580591
579305
578287
577456
574579
574548
573074
572218
569208
567969
565466
565200
564518
562672
560068
559994
557105
555330
553820
552913
550360
549915
549172
547304
546899
545617
543850
543388
542148
540579
540126
539633
538228
536904
536312
536231
535255
534465
532581
530625
528987
527972
527259
525542
525022
524652
523108
521987
521915
520636
518876
517029
516217
514460
513056
510118
508585
507433
506597
505751
503522
502164
502044
500579
498647
498235
497215
495073
494884
493333
492051
491424
489480
487600
485990
485676
484520
484183
483325
480762
479335
477845
475455
475307
473529
472169
470665
466701
466222
464107
461797
461352
461140
458663
458053
456132
456002
455121
452950
452876
452241
451152
451099
449690
449654
447882
447681
444473
443728
442992
441702
441626
440906
438500
436566
435632
434933
434710
432821
431794
430538
430418
429612
429388
429043
427275
426490
424362
424152
422841
420351
419994
419426
417424
417339
414926
414903
412931
411843
411645
411316
408299
407802
405390
404783
404659
403316
402869
402622
402001
401720
400729
400025
398400
397511
393792
393455
391781
390424
389950
388551
387988
386219
386040
384876
384131
383276
381219
379509
379447
378839
375906
375231
374057
373352
373309
372765
371361
370587
370430
368357
366126
365669
365256
364383
362955
362207
361329
359668
358733
356954
355799
355453
353848
352749
352403
349860
348943
348487
346703
344463
342791
341886
341493
339626
339261
337266
336993
335620
334976
333508
331899
330775
329081
328671
326313
325927
323680
321705
321221
320189
317616
316744
316094
315379
311969
310884
310850
307389
307382
306406
305093
302665
302637
301129
300681
299180
296759
296308
295553
294196
293878
292209
290497
289588
287675
286249
285455
283542
283511
281528
280604
280265
280004
278976
278104
277851
275002
273243
272912
272636
271785
269468
268625
267273
265862
265758
263282
262729
261787
261193
259146
259145
258850
256126
254917
254044
253359
252884
250605
249181
247051
245900
242812
242758
241308
240939
238742
236337
236123
234464
233919
231856
228593
226623
226184
224340
223514
222228
221711
220734
219741
218344
217754
215510
214550
213997
213024
212510
210469
210446
208720
208596
208230
208063
207213
206602
203723
202933
200885
200603
199612
197659
196789
195379
195369
194336
193365
191301
190566
189348
187652
186403
184993
182198
181575
180443
179471
177777
177683
177035
176738
175536
172920
172413
169750
169579
167516
164325
162244
161013
158488
157609
156214
155706
155168
153440
152603
151693
149072
147148
146566
144322
144053
143565
142928
141027
140569
139959
137052
136010
135154
134337
132939
131592
130649
129512
129309
127042
125385
124724
124273
123104
121950
121448
118129
116441
116088
115618
114736
114070
113155
112315
110965
109336
108672
106198
105768
103831
103101
102405
101520
100935
97000
96493
95853
95267
94550
93542
92859
92803
92332
91938
90732
90683
89748
89502
89488
88932
88633
88589
88390
88143
87942
87323
86931
86775
86662
85975
85868
84940
84788
84647
84249
84135
83857
83807
83730
83465
83210
83118
82590
82582
82453
82252
82173
81807
81188
81074
80591
80494
80312
80143
79863
79831
79705
79297
79052
78895
78611
78508
78304
78039
77893
77862
77295
77280
77170
77120
76846
76653
76616
76008
75973
75706
75694
75517
75440
75355
75209
75189
74998
74866
74757
74704
74497
74432
74176
73850
73841
73717
73531
73364
73259
73249
73048
72920
72884
72792
72585
72579
72421
72091
72066
71918
71580
71543
71385
71267
71206
71107
70832
70620
70591
70350
70275
70067
70027
70007
69486
69465
69102
69065
68969
68778
68770
68714
68526
68418
68281
68066
67988
67939
67839
67768
67641
67550
67538
67334
67282
67265
67205
67126
66909
66805
66766
66513
66426
66252
66190
65946
65934
65878
65812
65701
65515
65347
65137
65009
64937
64859
64643
64633
64277
64145
64007
63831
63708
63627
63534
63487
63391
63247
63145
63064
62801
62744
62522
62510
62206
62138
62094
61972
61781
61716
61618
61520
61476
61346
61197
61063
60838
60766
60626
60612
60567
60429
60402
60316
60231
60206
60123
59995
59953
59778
59750
59715
59551
59524
59487
59440
59384
59313
59304
59237
59160
59118
58955
58954
58616
58603
58439
58302
58186
58030
57967
57900
57835
57810
57661
57625
57510
57459
57315
57179
57175
57127
57084
56884
56802
56744
56681
56656
56559
56558
56405
56382
56323
56205
56061
56016
55899
55793
55761
55684
55682
55414
55372
55260
55218
54971
54886
54740
54675
54563
54496
54405
54303
54277
54216
54098
54079
53913
53898
53763
53573
53547
53497
53465
53392
53336
53304
53184
53103
53065
53026
52978
52969
52847
52823
52772
52713
52712
52555
52555
52422
52372
52199
52141
52138
51934
51922
51856
51818
51683
51599
51593
51450
51404
51291
51263
50955
50930
50905
50827
50781
50743
50705
50668
50503
50347
50205
50154
50029
50007
49916
49829
49791
49660
49625
49510
49505
49414
49336
49248
49233
49193
49065
49003
48946
48917
48897
48850
48744
48611
48571
48336
48332
48287
48211
48152
47999
47896
47814
47791
47715
47656
47433
47265
47235
47124
46961
46899
46835
46806
46700
46658
46480
46429
46341
46160
46125
46105
46016
45979
45888
45829
45816
45674
45653
45622
45537
45467
45284
45229
45072
45066
45050
45015
44945
44911
44875
44767
44703
44681
44619
44536
44496
44424
44321
44288
44196
44176
44132
44061
44054
43997
43974
43920
43894
43864
43798
43736
43697
43609
43555
43475
43436
43417
43271
43231
43177
43105
43098
43011
42906
42875
42844
42773
42726
42564
42502
42467
42452
42386
42320
42233
42176
42131
42093
42076
42009
41901
41848
41790
41704
41605
41603
41577
41516
41472
41362
41285
41285
41169
41068
41064
40888
40845
40778
40773
40640
40606
40587
40512
40473
40467
40348
40307
40276
40088
40064
40027
39965
39858
39832
39736
39692
39630
39611
39533
39504
39399
39379
39302
39296
39171
39116
39025
38940
38876
38761
38756
38739
38656
38605
38548
38422
38406
38383
38362
38314
38226
38219
38170
38126
38063
38033
37965
37935
37879
37767
37680
37678
37646
37610
37592
37565
37556
37508
37478
37424
37324
37301
37160
37075
37044
36928
36903
36769
36684
36532
36521
36301
36225
36091
36044
35973
35927
35890
35817
35677
35640
35618
35562
35540
35500
35477
35452
35315
35313
35184
35136
35109
35002
34940
34919
34882
34816
34783
34727
34721
34665
34608
34509
34479
34429
34293
34289
34158
34156
34021
33978
33914
33862
33858
33822
33786
33671
33655
33622
33550
33517
33438
33428
33366
33319
33288
33214
33196
33063
33042
33023
32953
32913
32858
32785
32735
32733
32717
32675
32675
32620
32546
32452
32376
32332
32302
32204
32162
32157
32046
31994
31929
31913
31875
31739
31566
31508
31421
31309
31165
31106
31066
30972
30954
30884
30840
30743
30733
30706
30670
30669
30635
30569
30515
30470
30381
30354
30194
30040
30022
29970
29939
29849
29790
29742
29716
29608
29588
29561
29470
29468
29422
29278
29236
29172
29171
29053
29021
28966
28916
28868
28850
28767
28717
28684
28615
28494
28459
28412
28380
28365
28352
28232
28197
28169
28135
28102
27960
27946
27893
27856
27806
27768
27717
27625
27599
27572
27523
27517
27502
27376
27366
27248
27213
27119
27079
27023
26979
26871
26847
26817
26773
26747
26684
26669
26653
26579
26545
26506
26466
26419
26353
26282
26211
26163
26082
26030
25947
25902
25899
25869
25858
25685
25675
25610
25572
25502
25455
25434
25353
25345
25191
25186
25162
25131
25042
25029
24952
24890
24835
24802
24801
24757
24744
24652
24642
24557
24540
24499
24473
24408
24343
24337
24258
24246
24122
24099
24026
24003
23918
23871
23845
23828
23781
23763
23708
23679
23632
23584
23511
23432
23423
23386
23364
23346
23280
23273
23213
23177
23145
23078
22990
22950
22910
22877
22833
22824
22681
22599
22584
22536
22504
22479
22323
22243
22226
22214
22180
22160
22108
22090
22076
21906
21861
21833
21756
21688
21675
21636
21537
21505
21425
21402
21334
21288
21286
21191
21120
21120
21084
21054
20983
20954
20885
20855
20825
20774
20733
20668
20663
20634
20607
20525
20490
20404
20352
20317
20298
20200
20195
20159
20079
20044
19918
19871
19839
19731
19628
19600
19536
19482
19477
19410
19362
19340
19288
19237
19214
19145
19097
19019
18998
18990
18946
18920
18909
18849
18837
18750
18734
18666
18658
18631
18532
18532
18492
18455
18443
18399
18326
18307
18305
18269
18253
18153
18145
18095
17988
17988
17934
17893
17890
17862
17788
17738
17729
17605
17599
17592
17534
17503
17420
17418
17366
17299
17267
17238
17191
17154
17122
17118
16970
16947
16912
16776
16745
16722
16662
16616
16605
16583
16490
16470
16393
16388
16309
16281
16241
16207
16206
16111
16062
16021
16000
15894
15882
15858
15845
15822
15673
15638
15610
15594
15571
15538
15498
15452
15396
15358
15348
15276
15244
15200
15186
15112
15082
15048
14991
14980
14912
14909
14844
14728
14725
14676
14512
14475
14461
14432
14425
14402
14392
14369
14278
14275
14196
14193
14082
14024
14021
14005
13974
13895
13840
13788
13771
13655
13644
13639
13619
13542
13476
13467
13279
13275
13228
13197
13167
13104
13081
12992
12963
12917
12899
12811
12772
12696
12650
12617
12585
12570
12484
12468
12422
12314
12311
12265
12234
12215
12088
12085
12061
12006
11984
11961
11921
11901
11894
11852
11813
11783
11738
11708
11687
11640
11572
11570
11530
11443
11427
11384
11383
11304
11280
11233
11226
11156
11115
11112
11024
10928
10928
10916
10848
10809
10781
10771
10715
10713
10665
10660
10603
10595
10494
10484
10469
10450
10443
10385
10365
10296
10295
10280
10140
10119
10096
9992
9960
9887
9865
9779
9761
9716
9610
9605
9539
9512
9470
9409
9392
9374
9335
9324
9283
9205
9204
9174
9135
9103
9087
9003
8962
8923
8867
8818
8807
8782
8768
8699
8669
8648
8588
8579
8546
8488
8449
8430
8375
8323
8321
8291
8209
8143
8140
8075
8038
8021
8003
7999
7969
7953
7912
7872
7856
7827
7724
7704
7660
7618
7580
7562
7486
7463
7445
7420
7380
7345
7289
7281
7223
7173
7161
7103
7084
7032
7009
6951
6916
6889
6879
6871
6808
6803
6706
6690
6548
6512
6483
6438
6392
6326
6252
6242
6169
6157
6080
6049
6027
6001
5926
5897
5835
5794
5738
5724
5710
5689
5681
5616
5522
5520
5490
5475
5398
5375
5370
5346
5302
5294
5247
5188
5182
5178
5028
5005
4925
4912
4867
4844
4817
4707
4686
4674
4656
4619
4586
4559
4554
4475
4444
4358
4338
4305
4227
4202
4174
4124
4103
4061
4025
3977
3932
3854
3850
3848
3837
3797
3760
3749
3704
3649
3613
3592
3572
3538
3462
3453
3382
3345
3324
3271
3188
3077
3064
3021
2956
2948
2872
2810
2770
2736
2724
2720
2662
2625
2610
2555
2509
2498
2485
2439
2425
2392
2329
2251
2239
2213
2154
2088
2082
2036
2004
1932
1922
1851
1833
1801
1755
1704
1618
1608
1552
1536
1465
1456
1414
1405
1344
1344
1328
1213
1171
1151
1069
1054
1049
1025
970
950
931
895
888
858
813
771
746
731
675
673
647
631
541
539
437
388
385
351
346
284
241
206
130
122
55
------CajaB-----
999956
999888
999877
999819
999782
999757
999712
999707
999675
999646
999615
999570
999555
999540
999471
999433
999415
999363
999335
999294
999235
999216
999192
999154
999120
999101
999049
999023
999003
998995
998931
998907
998833
998803
998756
998752
998703
998691
998683
998626
998593
998571
998554
998474
998445
998408
998353
998305
998282
998276
998209
998159
998127
998079
998041
997968
997960
997945
997871
997866
997806
997737
997709
997702
997683
997624
997562
997540
997468
997401
997365
997302
997245
997204
997141
997131
997056
997037
996994
996835
996789
996741
996718
996632
996592
996585
996547
996470
996464
996443
996387
996322
996310
996257
996236
996163
996155
996084
996073
996054
996033
996001
995988
995967
995873
995792
995780
995714
995688
995606
995567
995559
995529
995467
995433
995422
995306
995283
995272
995189
995177
995123
995075
994987
994969
994884
994847
994843
994737
994730
994658
994636
994584
994553
994479
994460
994449
994377
994376
994336
994269
994211
994201
994176
994096
994080
994067
993959
993935
993921
993788
993774
993658
993622
993567
993563
993532
993522
993498
993461
993428
993422
993322
993308
993298
993273
993191
993137
993114
993078
992963
992924
992862
992810
992784
992728
992719
992670
992611
992552
992540
992487
992382
992352
992292
992261
992209
992188
992175
992168
992102
992080
992033
991992
991915
991890
991874
991835
991755
991737
991655
991641
991612
991562
991551
991507
991441
991434
991388
991357
991333
991319
991269
991207
991138
991095
991089
991007
990945
990894
990865
990844
990811
990781
990746
990717
990669
990669
990580
990549
990469
990406
990399
990314
990308
990242
990223
990209
990179
990178
990108
990054
990034
990007
989961
989906
989886
989827
989763
989720
989538
989533
989502
989457
989449
989420
989388
989336
989320
989219
989192
989083
989045
989028
989021
988936
988933
988919
988880
988868
988783
988716
988689
988642
988584
988574
988561
988444
988414
988387
988326
988237
988196
988177
988113
988091
988022
987962
987947
987939
987829
987804
987800
987749
987739
987689
987660
987564
987561
987550
987430
987429
987254
987232
987178
987154
987111
987056
986978
986968
986922
986887
986857
986760
986722
986686
986575
986552
986531
986484
986482
986377
986369
986356
986337
986182
986178
986165
986066
986045
986041
986011
985994
985933
985923
985877
985798
985761
985712
985649
985616
985599
985551
985467
985460
985358
985348
985294
985263
985166
985156
985096
985064
985040
985006
984939
984928
984913
984847
984815
984766
984723
984701
984691
984681
984609
984584
984574
984512
984511
984464
984423
984355
984267
984265
984216
984196
984118
984058
983998
983959
983934
983922
983906
983825
983821
983747
983700
983631
983585
983567
983561
983419
983378
983358
983313
983281
983231
983193
983132
983117
983085
982996
982971
982935
982909
982870
982817
982806
982764
982715
982604
982554
982488
982468
982414
982310
982269
982194
982093
982075
981991
981988
981893
981858
981825
981806
981741
981688
981677
981604
981601
981559
981471
981430
981393
981370
981368
981238
981208
981075
980994
980868
980842
980731
980705
980683
980613
980599
980531
980495
980457
980405
980360
980294
980251
980235
980205
980143
980100
980069
979999
979925
979916
979851
979786
979779
979756
979687
979659
979614
979611
979527
979502
979384
979322
979318
979315
979229
979225
979152
979147
979073
979003
978977
978909
978893
978819
978790
978750
978686
978683
978576
978562
978550
978483
978446
978412
978394
978350
978312
978264
978200
978110
978022
978010
977949
977933
977851
977823
977822
977769
977686
977669
977644
977623
977561
977532
977513
977457
977412
977307
977274
977255
977214
977205
977150
977145
977024
976988
976904
976896
976881
976832
976801
976743
976654
976622
976614
976594
976585
976551
976496
976407
976391
976215
976198
976168
976055
976007
975941
975895
975848
975791
975631
975562
975453
975437
975370
975285
975266
975246
975131
975123
975080
975057
974999
974917
974889
974856
974799
974794
974742
974695
974624
974604
974509
974469
974439
974422
974398
974390
974380
974270
974256
974238
974180
974126
974122
974082
973999
973957
973932
973808
973750
973719
973646
973602
973572
973543
973408
973407
973385
973344
973270
973253
973176
973174
973151
973090
973031
972987
972947
972905
972849
972848
972626
972620
972494
972464
972419
972372
972295
972281
972191
972116
972079
972006
971976
971949
971883
971840
971796
971770
971692
971676
971590
971556
971509
971493
971437
971399
971238
971177
971099
971025
970900
970836
970834
970766
970689
970550
970531
970407
970397
970348
970309
970249
970184
970177
970076
970057
969992
969901
969834
969808
969779
969767
969682
969664
969643
969595
969589
969517
969412
969331
969315
969243
969215
969140
969120
969085
969045
969027
968965
968913
968853
968811
968800
968742
968646
968538
968517
968497
968483
968467
968392
968337
968194
968181
968134
968087
968024
967930
967913
967788
967752
967750
967677
967648
967600
967479
967457
967420
967359
967309
967145
967116
967042
967035
966992
966960
966851
966813
966776
966687
966681
966593
966492
966469
966393
966316
966304
966283
966175
966145
966011
965970
965892
965873
965815
965790
965660
965606
965462
965322
965269
965190
965157
965113
965028
965018
964931
964905
964773
964762
964702
964650
964648
964559
964537
964462
964389
964379
964316
964246
964191
964162
964059
964030
963903
963902
963822
963789
963745
963721
963628
963614
963422
963415
963367
963284
963207
963124
963086
963017
962962
962943
962849
962831
962811
962773
962741
962683
962671
962554
962426
962426
962359
962235
962233
962217
962176
962113
962077
961977
961974
961831
961807
961737
961680
961612
961522
961491
961406
961353
961272
961202
961161
961058
960961
960961
960804
960768
960729
960653
960587
960562
960473
960457
960387
960345
960254
960224
960154
960078
960021
959999
959957
959917
959874
959835
959795
959780
959695
959690
959641
959577
959563
959515
959450
959429
959427
959329
959306
959204
959057
959046
959008
958906
958899
958851
958811
958761
958761
958576
958572
958541
958421
958356
958250
958151
958121
957987
957949
957858
957823
957799
957750
957580
957515
957467
957450
957380
957351
957289
957249
957129
957125
957093
957056
957024
956912
956902
956852
956754
956729
956605
956538
956497
956492
956379
956350
956315
956254
956126
956097
955978
955937
955928
955786
955727
955688
955678
955626
955526
955515
955383
955300
955229
955212
955192
955152
955084
955027
954974
954952
954770
954749
954656
954647
954620
954569
954533
954444
954350
954314
954276
954155
954097
953884
953849
953820
953656
953497
953486
953408
953284
953253
953091
952953
952904
952825
952763
952715
952667
952457
952457
952440
952415
952312
952192
952154
952151
951993
951974
951959
951786
951736
951682
951547
951421
951333
951317
951270
951122
951105
951079
950895
950872
950673
950666
950550
950448
950394
950371
950334
950250
950191
950122
950075
950004
949910
949825
949672
949628
949509
949447
949433
949394
949343
949264
949237
949128
949064
949023
948887
948830
948753
948723
948668
948617
948536
948524
948398
948348
948229
948159
948032
947965
947945
947682
947637
947434
947426
947381
947297
947270
947048
946924
946870
946761
946755
946688
946533
946522
946454
946215
946207
946013
945978
945958
945810
945793
945756
945672
945605
945395
945361
945271
945134
944984
944928
944879
944862
944717
944668
944560
944439
944430
944411
944322
944266
944232
944099
944005
943847
943689
943595
943576
943544
943428
943381
943295
943172
943124
943014
942991
942891
942846
942840
942805
942691
942645
942571
942565
942367
942269
942267
942049
942030
941872
941802
941750
941693
941639
941632
941363
941324
941191
941176
941051
940956
940851
940775
940628
940551
940435
940405
940332
940293
940239
940203
940155
940070
940002
939899
939843
939713
939699
939569
939530
939475
939427
939343
939286
939272
939058
939037
938731
938667
938519
938453
938341
938244
938202
938133
938033
937830
937786
937725
937583
937473
937376
937364
937127
936958
936897
936817
936594
936525
936502
936341
936186
936116
936062
935958
935820
935795
935716
935444
935418
935388
935222
935150
935081
934873
934784
934745
934651
934485
934393
934302
934268
934044
933931
933910
933730
933690
933611
933371
933350
933249
933151
932974
932933
932856
932799
932488
932465
932337
932184
931920
931909
931898
931763
931615
931415
931255
931227
931047
930987
930964
930893
930871
930830
930491
930399
930338
930299
929982
929967
929678
929567
929518
929469
929426
929232
929084
928983
928964
928834
928789
928747
928718
928590
928392
928114
928027
927970
927945
927812
927655
927423
927329
927194
927157
926980
926926
926870
926542
926350
926342
925958
925739
925601
925534
925363
925140
924974
924654
924464
924350
924294
924263
923805
923787
923711
923571
923403
923356
923339
922893
922720
922474
922425
922345
922086
921998
921654
921652
921422
921166
920861
920821
920662
920543
920396
920305
919957
919940
919799
919713
919535
919386
919136
918873
918671
918585
918545
918152
917919
917441
917164
917123
916694
916646
916498
916211
916109
915440
915382
915000
914863
914495
914491
913828
913828
913401
913198
912892
912775
912252
911520
911185
910840
910416
910296
910169
909492
908955
908888
908343
907785
907668
907430
906716
906434
906372
904658
904278
903521
902588
899712
897665
897289
895604
894742
892862
891722
890208
890113
887921
886364
886106
885123
884737
884258
884057
881731
880120
877376
876475
874875
874429
872137
871439
871001
869309
866950
866073
865995
864203
863062
861709
860776
860241
859532
858890
858729
856610
855642
854983
853629
851605
850672
850258
848980
848341
846390
846352
844248
843644
841194
839993
838176
836587
836560
835309
832885
832669
831867
830299
829870
829485
827904
827453
825763
824542
823444
823149
821505
821245
820162
818683
818097
816180
814734
813621
811845
810815
810593
809109
807271
807069
804467
803211
802666
802430
801342
800695
800276
798713
798468
797773
795083
794334
792859
791914
790432
790098
783754
781290
779642
779177
776741
775309
774361
773536
771839
770996
770252
770042
768135
766890
766077
765329
763282
763252
762119
761960
760732
760367
758510
757149
757033
756451
754862
754323
753336
752991
752372
751772
750027
749340
746682
745764
745427
744980
742820
742612
741123
740237
738057
737998
736916
735725
734512
733824
731931
731686
727662
726654
725285
724501
723464
722030
720036
719101
717898
717494
716134
714202
713560
713551
712413
710907
710072
709040
707222
707137
704286
703165
700468
699841
697497
696947
696761
695391
694863
694707
692714
692469
689875
689286
687920
686353
684180
683150
681178
679956
678878
677425
675426
674642
671945
671219
668544
668062
667577
665456
664844
663291
663041
662435
658947
657385
656882
656208
654184
652822
652620
651467
650103
648487
646812
646485
645304
644291
643179
641027
639562
639518
638774
637102
636398
634334
632614
630214
629180
627699
626565
625096
625089
623756
621000
618144
616476
614322
614077
610076
608855
607621
607484
605279
604493
602881
601379
600827
598606
598408
597917
596027
595076
594726
593910
590897
589252
588961
587725
587560
586427
584796
584380
582900
582372
580860
580287
579516
578241
576460
576042
574286
572976
571420
569518
568045
566092
564979
564387
561498
561297
558716
557974
555503
554883
550492
550479
550005
549409
548410
546691
546271
543483
543100
542347
540292
540126
539814
538938
536537
536252
535936
535709
534451
532421
529700
529043
528936
526267
526155
525196
523938
523793
521965
521708
521028
518635
517958
515048
514846
510904
510282
509243
507717
507090
505894
504802
502112
501374
499950
499770
497519
497135
495505
494605
493097
493095
490599
488749
487912
487181
485100
484502
483846
483378
480486
479485
478065
475368
475018
473707
473156
469494
469479
465022
464095
461591
461146
459708
459478
457613
456912
455656
454622
453844
452384
452040
451610
450581
449969
448874
448709
445991
444532
444232
443377
442937
441300
439584
439444
436405
435641
435235
433717
432982
431870
430642
430451
430280
429146
429088
427136
426563
425828
423474
421105
420852
420301
419497
417651
416958
415408
414746
412860
412262
411453
410565
409338
406647
406500
404693
403466
403443
403309
402654
402437
401597
400649
400535
398211
396145
396086
392602
391152
390629
390037
388243
388224
387391
385881
384251
383808
382957
381411
380231
379194
378400
376767
374243
374092
373610
373096
372912
371297
370766
370393
368129
367682
365583
364763
364216
362604
361455
361394
360219
357336
357003
356536
355612
353998
352756
352576
349610
348976
348708
345790
345408
342569
342169
341050
340586
339146
336998
336423
336137
334506
333556
332786
330009
329589
328639
326011
325031
324061
322561
320806
318584
318212
317602
316257
315322
311695
311206
310482
308790
306806
306228
304232
303971
302400
300730
300250
299220
298408
295877
294816
294180
293003
292217
291689
288973
287748
285848
285725
283615
283533
281856
280453
280159
279669
279390
278007
277253
275114
274980
272677
272084
270406
270186
268943
267208
265803
265662
263425
262314
262233
260744
259836
258973
257342
256438
255849
254420
253149
251154
250725
250213
247780
244435
244221
242642
241255
239375
238769
237712
236153
234491
233978
232408
227459
227242
225537
225045
223339
223287
221315
219956
219798
218657
217380
216939
214141
213640
212655
211842
211286
209960
209641
208341
208140
208004
206707
206669
206374
201515
200804
200484
198045
197885
197020
196393
195111
193564
193544
191732
189874
189723
187519
186878
183822
182715
181950
180429
178566
178458
177716
177078
176916
174909
173669
172086
170655
168530
168118
163244
163207
159964
158557
158256
156439
155613
153817
153739
152978
151919
149308
147705
145944
145135
143748
143347
142831
142181
140272
138372
137204
136119
135744
134290
132885
132270
129942
129544
129354
126929
126380
124503
124233
122394
122277
119991
118290
116640
116251
115901
115393
113600
113384
112091
111352
109233
108291
107921
105724
103326
102813
102246
101366
100432
97225
96493
96245
95267
93975
93715
93450
92652
92082
91515
91006
90550
89802
89690
89206
89041
88909
88537
88253
88109
88079
87276
86885
86741
86643
86424
85151
85013
84821
84661
84485
83997
83910
83845
83574
83517
83315
83003
82743
82499
82461
82359
82081
81697
81193
81124
80640
80437
80371
80083
80060
79828
79638
79220
79069
78836
78676
78353
78351
78183
77866
77805
77546
77196
77161
76957
76857
76700
76591
76038
75925
75799
75638
75466
75452
75420
75193
75124
75018
74946
74731
74595
74582
74294
74294
73963
73831
73688
73418
73403
73287
73126
73069
73022
72874
72779
72736
72461
72343
72246
72052
71753
71657
71527
71522
71234
71123
70938
70856
70784
70557
70362
70251
70176
70013
69807
69642
69414
69170
69061
68900
68871
68722
68703
68507
68425
68279
68179
67948
67900
67818
67742
67691
67544
67481
67352
67300
67256
67222
67093
66912
66822
66698
66556
66435
66270
66170
66150
65900
65853
65763
65607
65530
65288
65265
64984
64892
64775
64757
64436
64419
64231
63933
63902
63692
63593
63524
63514
63367
63232
63228
62922
62907
62676
62636
62267
62242
62191
62116
62075
61731
61683
61649
61571
61429
61337
61326
60900
60846
60785
60761
60578
60485
60427
60402
60301
60256
60192
60109
60009
59900
59787
59772
59723
59604
59513
59451
59441
59385
59337
59289
59223
59175
59111
59018
58862
58656
58575
58464
58252
58212
58062
57964
57895
57824
57812
57746
57531
57514
57475
57298
57278
57135
57106
56997
56929
56839
56708
56683
56662
56574
56544
56470
56372
56283
56164
56158
55977
55854
55843
55725
55703
55650
55645
55286
55235
55121
54956
54921
54720
54668
54546
54504
54428
54302
54256
54240
54087
54066
53925
53826
53768
53699
53517
53479
53462
53348
53337
53306
53267
53102
53031
53006
52991
52934
52866
52833
52758
52738
52660
52596
52518
52485
52275
52222
52192
52132
51926
51926
51858
51807
51691
51653
51524
51459
51409
51338
51182
50990
50954
50839
50832
50783
50767
50711
50692
50482
50393
50204
50112
50051
49995
49883
49880
49762
49682
49578
49578
49439
49424
49337
49293
49208
49175
49077
48995
48987
48900
48882
48779
48775
48664
48518
48459
48290
48243
48241
48050
48022
47992
47800
47783
47701
47549
47525
47348
47175
47076
46992
46898
46862
46785
46670
46660
46514
46427
46297
46234
46106
46056
46055
45951
45933
45829
45767
45719
45641
45598
45596
45347
45333
45243
45111
45066
45043
44996
44932
44930
44860
44816
44693
44665
44600
44572
44428
44428
44329
44295
44251
44141
44120
44088
44014
44000
43974
43932
43916
43819
43798
43788
43672
43633
43492
43492
43448
43420
43311
43206
43161
43150
43072
42981
42961
42868
42814
42781
42688
42572
42544
42464
42435
42407
42291
42243
42185
42120
42111
42028
42025
41913
41887
41727
41716
41702
41577
41567
41510
41375
41371
41341
41246
41198
41123
40994
40936
40810
40805
40700
40680
40630
40587
40498
40478
40415
40378
40348
40245
40187
40052
39984
39953
39853
39764
39743
39730
39683
39575
39528
39447
39428
39381
39330
39273
39176
39125
39000
38942
38893
38773
38754
38699
38682
38655
38469
38459
38414
38376
38363
38285
38235
38223
38192
38118
38078
38015
37982
37929
37876
37757
37702
37666
37625
37617
37594
37587
37548
37497
37493
37400
37377
37235
37220
37073
36951
36931
36907
36882
36600
36574
36520
36245
36228
36141
36025
35980
35948
35838
35833
35813
35622
35566
35547
35524
35488
35473
35438
35383
35271
35183
35128
35098
35052
34929
34901
34851
34816
34789
34742
34705
34697
34583
34565
34445
34404
34304
34263
34199
34039
34029
33992
33961
33895
33858
33818
33772
33700
33654
33616
33543
33503
33458
33376
33367
33362
33284
33253
33143
33139
33031
33003
32936
32877
32864
32788
32736
32735
32720
32710
32634
32632
32609
32435
32361
32320
32259
32205
32197
32112
32074
31998
31969
31891
31790
31781
31684
31486
31368
31302
31145
31133
31009
31001
30969
30897
30800
30781
30714
30709
30692
30660
30611
30590
30514
30436
30430
30258
30200
30148
29986
29953
29944
29862
29777
29775
29639
29639
29605
29565
29479
29466
29398
29301
29228
29202
29118
29109
28989
28982
28916
28863
28850
28759
28724
28676
28621
28465
28462
28421
28384
28378
28349
28228
28207
28156
28146
28075
27976
27960
27888
27850
27830
27748
27689
27630
27600
27573
27554
27513
27432
27414
27376
27313
27193
27113
27047
27042
26938
26897
26854
26791
26783
26748
26713
26657
26636
26589
26568
26483
26478
26375
26356
26297
26250
26128
26083
26046
25947
25900
25896
25875
25834
25772
25645
25586
25563
25482
25457
25444
25400
25283
25252
25180
25154
25099
25053
25003
24984
24861
24857
24802
24788
24770
24726
24687
24602
24590
24522
24506
24469
24396
24377
24303
24275
24221
24165
24078
24024
23995
23925
23863
23858
23804
23799
23754
23749
23670
23622
23579
23494
23475
23406
23378
23359
23334
23314
23273
23210
23165
23143
23068
22998
22936
22912
22896
22829
22727
22703
22642
22589
22558
22484
22480
22422
22228
22215
22194
22170
22151
22102
22089
22040
21927
21869
21766
21765
21751
21657
21640
21574
21489
21421
21376
21338
21311
21249
21191
21179
21113
21054
21053
21001
20920
20902
20851
20833
20768
20754
20667
20662
20633
20558
20542
20521
20387
20386
20316
20258
20254
20185
20120
20115
19974
19953
19914
19773
19734
19642
19620
19536
19479
19475
19403
19384
19302
19293
19247
19227
19137
19043
19027
19009
18998
18968
18929
18899
18865
18794
18769
18741
18734
18642
18582
18535
18515
18497
18491
18424
18357
18355
18321
18299
18257
18257
18208
18115
18047
18042
17969
17927
17906
17882
17848
17812
17730
17716
17687
17595
17565
17523
17477
17420
17409
17394
17299
17262
17227
17166
17165
17131
17046
17044
16943
16846
16838
16749
16699
16664
16642
16600
16568
16512
16431
16430
16374
16345
16253
16235
16225
16149
16119
16096
16036
15988
15891
15882
15878
15834
15710
15707
15664
15622
15602
15581
15561
15493
15432
15406
15380
15327
15283
15240
15202
15181
15140
15062
15035
15005
14964
14947
14857
14853
14804
14700
14621
14545
14465
14464
14430
14420
14409
14390
14368
14284
14254
14215
14131
14120
14072
14019
13997
13919
13916
13852
13801
13672
13656
13651
13644
13621
13611
13499
13444
13385
13272
13199
13169
13146
13098
13053
12992
12977
12929
12842
12842
12786
12699
12642
12622
12591
12538
12484
12468
12441
12330
12292
12275
12254
12171
12156
12078
12048
11991
11969
11968
11930
11901
11889
11848
11825
11779
11732
11701
11697
11630
11591
11564
11472
11471
11434
11403
11364
11321
11246
11241
11232
11161
11129
11088
11031
11010
10924
10911
10830
10804
10772
10748
10714
10703
10695
10639
10605
10595
10485
10484
10470
10457
10441
10412
10328
10327
10290
10220
10206
10111
10093
9973
9971
9876
9872
9789
9754
9694
9640
9580
9562
9511
9454
9447
9383
9362
9328
9326
9276
9270
9192
9162
9128
9099
9019
9004
8993
8931
8869
8825
8798
8789
8768
8690
8675
8646
8626
8558
8508
8494
8473
8403
8394
8351
8317
8231
8212
8189
8095
8092
8047
8026
8018
7989
7964
7963
7891
7878
7864
7827
7717
7705
7679
7612
7578
7534
7493
7474
7448
7424
7368
7368
7281
7247
7247
7191
7139
7110
7097
7025
7000
6957
6893
6892
6883
6874
6840
6742
6726
6697
6631
6493
6469
6418
6354
6337
6312
6217
6166
6119
6081
6062
6037
5972
5953
5881
5862
5768
5767
5720
5703
5688
5645
5633
5609
5492
5477
5441
5396
5395
5356
5334
5326
5287
5231
5195
5181
5174
5035
5000
4955
4910
4865
4837
4766
4736
4701
4671
4628
4624
4611
4557
4495
4482
4455
4432
4319
4267
4234
4215
4166
4129
4083
4062
4028
4019
3877
3873
3851
3849
3841
3831
3750
3730
3686
3667
3612
3586
3581
3510
3502
3436
3412
3336
3322
3222
3191
3152
3059
3003
2955
2927
2870
2854
2753
2733
2721
2684
2668
2637
2606
2569
2506
2495
2473
2442
2435
2383
2329
2270
2234
2160
2158
2135
2071
2047
1972
1951
1931
1844
1834
1790
1781
1688
1648
1607
1548
1483
1471
1459
1434
1399
1376
1330
1306
1241
1156
1135
1121
1052
1034
993
973
967
919
907
885
840
818
774
760
711
703
661
647
590
587
463
458
424
385
367
306
286
260
215
142
86
72
------CajaC-----
999903
999902
999878
999833
999785
999773
999736
999700
999663
999623
999615
999581
999555
999544
999476
999450
999394
999368
999360
999253
999249
999226
999166
999163
999152
999057
999055
999028
999021
998982
998965
998900
998823
998782
998766
998753
998702
998702
998660
998632
998593
998584
998534
998493
998432
998411
998354
998317
998281
998248
998229
998185
998086
998082
998055
997965
997965
997930
997899
997827
997820
997778
997706
997700
997644
997629
997619
997496
997445
997419
997326
997324
997259
997221
997134
997113
997095
997018
996898
996848
996823
996754
996731
996661
996589
996584
996538
996470
996447
996445
996396
996385
996267
996250
996217
996198
996100
996088
996075
996056
996043
996019
995985
995937
995894
995828
995746
995721
995665
995611
995572
995564
995536
995463
995452
995345
995330
995301
995274
995260
995172
995097
995045
994998
994927
994891
994849
994845
994770
994725
994657
994624
994620
994501
994485
994469
994454
994392
994367
994314
994276
994246
994196
994132
994122
994083
994066
993977
993931
993876
993843
993750
993664
993614
993604
993546
993526
993518
993482
993475
993427
993404
993395
993298
993291
993221
993209
993128
993127
993002
992982
992930
992862
992844
992788
992746
992688
992683
992658
992542
992522
992474
992379
992329
992327
992245
992217
992184
992173
992162
992106
992100
992023
991974
991961
991883
991847
991830
991797
991677
991671
991651
991612
991558
991543
991511
991451
991430
991384
991381
991320
991314
991247
991240
991126
991095
991070
991039
990922
990904
990858
990845
990814
990777
990754
990704
990686
990666
990567
990559
990468
990404
990385
990376
990261
990234
990230
990208
990200
990166
990070
990062
990039
990027
989934
989931
989877
989863
989750
989675
989594
989517
989491
989458
989437
989427
989409
989335
989299
989241
989140
989083
989061
989038
989023
988973
988930
988899
988878
988839
988836
988703
988681
988628
988610
988563
988537
988471
988405
988348
988340
988267
988190
988155
988146
988053
988033
987999
987940
987879
987866
987827
987778
987771
987720
987700
987632
987599
987560
987536
987432
987397
987293
987214
987188
987128
987118
987071
987009
986944
986897
986892
986866
986765
986733
986663
986577
986574
986510
986499
986463
986448
986364
986344
986337
986179
986172
986119
986114
986042
986027
985999
985984
985967
985901
985855
985842
985738
985702
985681
985612
985587
985517
985500
985453
985353
985350
985318
985233
985183
985153
985086
985086
985025
984985
984969
984927
984876
984875
984813
984753
984729
984722
984688
984650
984613
984590
984578
984571
984486
984452
984392
984358
984310
984264
984205
984187
984102
984060
984041
983939
983926
983914
983892
983891
983789
983734
983665
983647
983588
983579
983487
983419
983417
983364
983341
983273
983236
983166
983157
983115
983087
982993
982977
982930
982915
982847
982835
982813
982759
982683
982611
982580
982486
982462
982449
982305
982252
982166
982094
982079
982017
981923
981913
981888
981840
981789
981745
981712
981646
981617
981597
981570
981462
981410
981403
981393
981306
981306
981179
981130
980937
980894
980823
980743
980698
980677
980633
980576
980533
980510
980457
980378
980371
980298
980271
980221
980177
980150
980124
980044
980032
979924
979884
979852
979829
979777
979751
979672
979644
979632
979580
979562
979452
979388
979323
979319
979315
979263
979221
979180
979106
979078
979034
978963
978908
978891
978818
978764
978758
978733
978675
978570
978551
978549
978481
978428
978416
978412
978329
978317
978288
978159
978133
978048
977986
977981
977892
977859
977833
977779
977774
977743
977662
977637
977588
977583
977548
977500
977449
977413
977323
977268
977240
977218
977208
977177
977065
977052
976997
976980
976893
976876
976806
976780
976681
976665
976634
976615
976598
976590
976552
976499
976451
976330
976292
976190
976149
976029
976024
975938
975908
975835
975804
975594
975570
975522
975374
975370
975331
975251
975209
975205
975109
975080
975015
974992
974938
974879
974840
974804
974796
974743
974695
974634
974599
974494
974469
974446
974427
974414
974390
974349
974285
974260
974211
974192
974163
974113
974065
974024
973935
973888
973821
973785
973697
973686
973593
973558
973520
973470
973386
973370
973295
973286
973263
973235
973153
973135
973054
973051
973022
972918
972907
972869
972829
972772
972582
972474
972433
972386
972348
972339
972236
972193
972142
972069
971997
971974
971935
971883
971843
971797
971780
971686
971686
971582
971574
971498
971481
971480
971362
971285
971169
971080
970964
970908
970871
970826
970783
970639
970591
970517
970470
970390
970319
970304
970240
970196
970129
970118
970056
969929
969906
969873
969815
969806
969762
969674
969658
969639
969612
969585
969456
969451
969360
969278
969244
969215
969142
969139
969071
969064
969001
968984
968916
968835
968830
968792
968761
968587
968568
968522
968514
968476
968450
968392
968348
968257
968165
968121
968059
968007
967957
967902
967795
967752
967718
967682
967676
967563
967560
967426
967408
967355
967302
967149
967100
967078
967033
966982
966925
966874
966830
966728
966715
966687
966516
966514
966473
966442
966392
966286
966225
966206
966100
966071
965941
965890
965859
965838
965740
965705
965586
965500
965314
965253
965166
965157
965116
965050
964985
964960
964808
964805
964772
964728
964683
964615
964600
964526
964445
964411
964376
964283
964262
964245
964095
964082
964009
963944
963841
963833
963799
963772
963688
963661
963555
963426
963421
963371
963332
963164
963159
963039
963033
962969
962949
962883
962826
962804
962769
962734
962698
962623
962583
962433
962383
962376
962356
962232
962184
962168
962085
962042
962033
961919
961856
961777
961763
961677
961611
961507
961492
961430
961323
961275
961218
961094
961092
961015
960902
960885
960731
960723
960635
960601
960547
960483
960452
960389
960386
960245
960221
960141
960064
960029
959997
959947
959945
959863
959818
959808
959752
959729
959670
959667
959573
959552
959492
959464
959440
959411
959358
959271
959234
959047
959042
958975
958962
958871
958868
958794
958766
958744
958706
958544
958511
958403
958290
958268
958165
958097
958045
957910
957858
957848
957791
957708
957613
957481
957471
957462
957398
957349
957262
957255
957188
957107
957080
957052
957003
956950
956882
956808
956798
956720
956614
956522
956520
956470
956397
956341
956322
956240
956186
956032
955979
955957
955876
955820
955769
955686
955655
955616
955555
955407
955403
955347
955265
955211
955183
955151
955059
955029
955017
954853
954827
954752
954674
954640
954611
954599
954479
954455
954395
954291
954202
954178
954112
953942
953833
953814
953557
953539
953490
953443
953365
953172
953097
952986
952861
952845
952754
952725
952660
952489
952456
952438
952414
952287
952193
952161
952082
952057
951972
951960
951857
951717
951634
951496
951455
951397
951284
951200
951170
951121
951066
950921
950844
950714
950599
950580
950446
950439
950355
950324
950239
950158
950129
950111
949980
949963
949753
949707
949571
949521
949506
949411
949369
949366
949327
949165
949148
949055
948993
948924
948813
948800
948672
948668
948620
948572
948478
948458
948287
948249
948165
948025
947989
947808
947741
947682
947511
947391
947348
947306
947083
947060
947038
946891
946857
946718
946657
946590
946488
946418
946339
946073
946056
945973
945887
945820
945807
945771
945699
945587
945396
945378
945246
945204
944978
944914
944864
944802
944767
944653
944562
944517
944424
944376
944313
944257
944218
944115
943997
943808
943723
943636
943558
943475
943463
943387
943313
943142
943134
943085
942908
942907
942886
942824
942732
942712
942652
942599
942439
942425
942351
942235
942171
941897
941881
941803
941789
941661
941653
941491
941483
941334
941212
941112
941089
940998
940818
940808
940573
940564
940494
940392
940303
940283
940241
940238
940152
940064
939982
939880
939851
939745
939657
939574
939556
939453
939439
939328
939318
939229
939093
938913
938772
938685
938563
938479
938321
938254
938177
938155
937892
937883
937794
937731
937682
937435
937407
937228
937209
937011
936836
936829
936618
936547
936438
936388
936151
936118
936111
935939
935851
935784
935585
935585
935413
935371
935205
935202
934984
934898
934822
934740
934635
934537
934373
934300
934147
934065
933990
933919
933891
933644
933596
933353
933345
933242
933020
933018
932955
932882
932731
932587
932428
932265
932210
932019
931905
931859
931705
931695
931364
931300
931201
931024
931019
930927
930916
930867
930747
930684
930363
930303
930183
930125
929799
929687
929612
929550
929513
929331
929276
929086
929052
928863
928857
928831
928737
928609
928608
928473
928387
927982
927966
927912
927716
927534
927474
927304
927253
927137
926970
926911
926762
926606
926393
926056
925988
925954
925663
925499
925375
925112
925018
924609
924466
924434
924265
924210
923937
923761
923645
923539
923452
923347
923337
922817
922735
922596
922374
922273
922204
921891
921792
921517
921478
921048
920866
920859
920744
920535
920389
920177
920110
919865
919847
919598
919598
919465
919123
918759
918727
918606
918518
918213
917774
917544
917286
916929
916891
916598
916398
916383
915700
915489
915392
915100
914893
914629
914335
914209
913689
913375
913008
912900
912779
912260
912033
910913
910569
910493
910334
909970
909612
909402
908631
908136
908031
907655
907043
907036
906380
905727
905514
903821
903768
901761
900894
897613
896559
896334
894303
893248
891276
891041
888736
888105
887786
885415
884914
884636
884449
883200
882150
880516
877062
876777
874766
874472
872887
871192
870555
868683
866998
866916
865824
863593
863380
862286
860720
859724
859533
859204
856958
856905
856518
855589
853166
851627
851340
849725
849710
847354
847180
845666
844612
842809
841965
839453
838563
837049
836349
834741
833502
832605
831430
830621
830106
828838
828829
827183
825289
824579
823690
822926
821831
820745
820216
818851
818255
815500
815160
814033
811391
811209
810216
810052
807214
805065
804667
803344
802890
802436
801948
801053
800024
798745
798664
797316
795729
793606
793534
791023
790744
790171
784300
780496
780348
778649
777201
775134
774474
772764
772136
771346
770519
769992
767764
767324
765868
765136
763858
762701
762494
761184
761050
760501
758513
758156
756702
755633
755062
754623
753229
752897
752318
751591
750460
748980
746700
746439
745027
743956
743716
742083
741775
739827
739031
737315
736865
735394
734901
733420
732636
728602
728296
727315
726244
724531
723930
721836
721624
718596
717721
717069
715027
714972
713654
712731
712511
711508
710296
708763
707559
704732
704360
704038
702593
698726
698366
696934
695897
695689
694798
694578
693360
691213
690609
689268
687593
687137
683781
682886
681193
680558
678474
676945
676189
674080
672720
670101
669760
667901
666611
665553
665140
664758
662877
660408
660368
657356
656605
655135
654645
653375
652084
652050
649696
648518
648285
646431
644788
644221
642316
641681
639552
639156
638757
637024
636008
635559
631851
630192
628977
627779
626581
625239
624555
623837
622780
618138
615708
614124
612984
610121
609229
608584
605804
605661
604859
603420
600946
600845
598625
598489
597578
597414
594943
593992
592271
592238
589407
588690
588254
587205
586901
584654
583824
583183
582036
581725
580090
578569
578375
577705
574712
574334
573581
570179
570096
568524
566613
564958
563306
562916
560290
560036
557516
555124
553566
553553
550255
549635
548732
548314
546499
544519
544020
543463
542416
541432
540121
539114
537804
537250
536399
536148
535279
534851
531646
531014
529012
528394
526451
525973
525389
523865
523509
522241
521543
521467
517993
517993
515600
514264
513518
509477
509163
507425
506233
505882
503358
502252
502059
501212
498478
497957
496671
496373
493754
493738
491945
490651
490499
487242
486080
485614
484760
484183
481659
480890
479616
478257
477375
474253
473307
471400
471315
469222
465950
464043
461496
461146
459630
458594
457625
457540
455342
454089
453886
452483
452309
451888
450222
450000
449470
448298
445550
445156
443776
443645
442864
441210
440855
438098
437317
435296
434890
433568
433036
432135
430631
430441
430047
429387
428235
427431
426910
424696
423885
422768
420838
419898
418625
418546
416254
415821
414147
413634
411729
411574
409995
409495
407581
405516
404780
403897
403391
402951
402862
402576
401391
401169
399832
398385
396500
395477
392712
391342
390653
390127
388361
388069
387726
385430
384705
383763
382077
381976
380738
378909
378173
376848
374562
373688
373655
373287
372722
371341
370869
370346
367975
367933
365341
365223
363628
362786
362004
360498
360453
358686
356818
356212
355159
353498
353361
351175
349901
349018
348756
348073
344017
342433
342148
340931
340674
338024
337934
336873
335186
335080
334310
331644
330427
329792
327728
327007
324729
324152
322107
321210
319408
318099
317344
316036
313145
312644
311488
310856
310168
306435
305301
304946
302747
302614
301608
299556
299408
298784
295730
294502
294433
293031
292283
290731
289967
287526
286567
284785
284051
282426
281941
280792
280349
280087
279519
277946
276548
275855
274178
272852
272554
270716
270094
267801
267310
266824
265172
264217
262244
261343
261286
259636
259120
258724
256037
255043
253842
253625
250884
250752
250371
248803
244358
244085
241695
241584
239064
238857
238160
235223
234891
234301
231140
230199
226269
225126
224711
223835
222170
221640
220586
219621
218387
218327
215142
214529
213759
213508
211417
211342
210256
209478
208278
208136
207787
207177
206549
204166
202212
201102
200693
200065
197261
196480
195679
195307
194973
193166
190931
190204
189660
188885
185904
183612
182223
182164
180516
179167
178454
177644
177033
175655
175564
174471
171229
170686
169432
165958
164790
163030
160284
158539
158136
155874
155711
155282
153473
152783
150046
149623
148206
147020
144242
143828
143349
143318
140938
140567
138387
137496
136855
135631
133908
133824
131337
130437
129415
128227
127765
125542
124583
124307
123781
121911
118833
118720
117259
116204
115731
115009
114512
112736
112575
110392
109977
108221
106280
105870
105033
102801
101995
101171
100756
97189
96464
95618
95428
94042
93975
93488
92404
92209
91669
90994
90434
89876
89617
89422
88932
88855
88541
88308
88084
87667
87418
86996
86885
86636
86050
85327
85033
84897
84719
84553
83935
83916
83851
83669
83483
83264
83006
83003
82481
82376
82243
81823
81820
81429
80937
80903
80394
80252
80073
80055
79799
79499
79351
79095
78792
78679
78545
78274
78020
77975
77781
77494
77258
77159
76876
76874
76749
76488
76040
75973
75805
75669
75466
75464
75361
75334
75120
74978
74787
74777
74710
74523
74364
74191
74123
73761
73668
73405
73379
73354
73121
73069
73020
72821
72782
72740
72445
72388
72204
72059
71776
71619
71568
71371
71343
71133
70983
70852
70652
70601
70398
70322
70060
70017
69822
69804
69411
69089
68987
68913
68878
68767
68649
68628
68406
68279
68042
67948
67911
67850
67770
67649
67618
67458
67337
67327
67230
67228
66995
66988
66849
66650
66640
66356
66301
66172
66047
65929
65866
65799
65652
65495
65410
65063
65040
64910
64869
64673
64623
64265
64181
63994
63791
63747
63598
63558
63410
63401
63319
63127
62991
62841
62762
62582
62348
62222
62152
62127
61980
61895
61680
61606
61494
61492
61332
61278
60992
60821
60767
60659
60596
60499
60475
60407
60318
60242
60206
60093
60025
59860
59853
59758
59715
59571
59523
59486
59416
59397
59311
59293
59240
59169
59111
59021
58839
58736
58537
58464
58230
58218
58044
58013
57855
57841
57795
57750
57582
57488
57388
57369
57245
57151
57113
57023
56924
56778
56769
56679
56623
56613
56528
56502
56361
56276
56159
56154
55950
55880
55828
55739
55687
55667
55467
55356
55240
55137
55087
54835
54803
54620
54590
54476
54389
54355
54247
54166
54157
53996
53977
53904
53712
53611
53554
53516
53443
53441
53335
53268
53163
53114
53078
53007
53004
52885
52867
52841
52795
52719
52663
52615
52517
52461
52340
52214
52157
52101
52038
51889
51829
51730
51724
51671
51553
51418
51415
51354
51137
51052
50915
50901
50827
50783
50755
50696
50640
50597
50334
50156
50123
50079
49974
49918
49857
49786
49651
49600
49538
49469
49419
49383
49244
49222
49110
49078
49041
48989
48904
48883
48870
48706
48639
48557
48403
48296
48275
48202
48091
48016
47934
47887
47771
47687
47547
47453
47407
47216
47030
46999
46936
46833
46769
46721
46604
46594
46358
46305
46185
46147
46072
46027
46013
45866
45829
45793
45693
45652
45614
45579
45457
45283
45182
45174
45055
45015
44971
44955
44903
44896
44732
44724
44677
44656
44517
44486
44359
44336
44320
44211
44163
44138
44085
44043
43979
43974
43927
43911
43859
43795
43716
43711
43631
43498
43481
43450
43426
43304
43207
43163
43154
43062
42996
42954
42845
42836
42798
42634
42618
42542
42453
42447
42343
42326
42284
42144
42136
42112
42070
41967
41938
41882
41737
41714
41627
41597
41577
41515
41437
41367
41331
41238
41190
41142
40958
40956
40810
40800
40743
40675
40603
40562
40555
40469
40407
40369
40313
40247
40229
40041
39980
39903
39883
39769
39762
39723
39630
39587
39558
39494
39427
39351
39326
39236
39181
39137
39073
38939
38804
38776
38761
38752
38680
38591
38528
38422
38417
38399
38316
38314
38264
38210
38175
38157
38036
38018
37988
37930
37820
37785
37715
37666
37664
37595
37594
37572
37549
37520
37464
37458
37307
37266
37176
37104
37042
36915
36891
36849
36587
36574
36404
36332
36244
36156
36017
36002
35916
35867
35826
35759
35638
35588
35555
35528
35486
35469
35439
35428
35190
35187
35142
35125
34986
34985
34915
34824
34819
34797
34777
34698
34662
34601
34504
34484
34423
34301
34234
34211
34065
34026
33990
33951
33904
33846
33827
33759
33730
33650
33576
33564
33539
33430
33374
33367
33357
33317
33211
33174
33076
33036
33018
32949
32934
32814
32792
32755
32732
32714
32698
32673
32611
32543
32440
32380
32356
32248
32246
32160
32089
32083
32014
31937
31899
31888
31706
31671
31505
31341
31317
31155
31112
31067
30977
30930
30928
30789
30773
30714
30709
30704
30647
30638
30563
30517
30483
30371
30285
30200
30055
30038
29977
29947
29864
29805
29733
29662
29637
29590
29566
29511
29461
29331
29307
29245
29227
29133
29076
29015
28961
28941
28854
28800
28787
28730
28694
28610
28505
28430
28420
28386
28377
28289
28266
28212
28194
28125
28031
28029
27921
27899
27881
27789
27786
27649
27638
27605
27592
27540
27520
27469
27388
27370
27321
27147
27125
27099
27021
26916
26906
26859
26843
26762
26723
26691
26677
26626
26598
26576
26481
26455
26451
26303
26282
26266
26096
26088
26068
25941
25925
25891
25860
25830
25789
25636
25586
25542
25522
25449
25429
25390
25301
25237
25185
25160
25083
25053
25035
24909
24893
24859
24831
24783
24767
24711
24701
24638
24540
24531
24520
24422
24414
24385
24305
24295
24216
24138
24086
24041
23961
23953
23909
23844
23800
23773
23771
23682
23680
23669
23577
23492
23443
23417
23395
23363
23329
23328
23265
23189
23169
23146
23119
22974
22934
22905
22865
22852
22754
22681
22602
22591
22568
22525
22478
22315
22268
22219
22210
22179
22153
22150
22078
21985
21974
21859
21777
21762
21727
21683
21591
21591
21491
21463
21373
21318
21318
21238
21202
21158
21116
21082
21023
21009
20939
20891
20863
20811
20791
20689
20676
20665
20644
20610
20540
20468
20427
20341
20340
20277
20252
20168
20158
20078
19998
19944
19886
19831
19720
19642
19549
19543
19531
19426
19416
19395
19304
19295
19287
19157
19151
19120
19023
19001
18984
18965
18920
18882
18877
18793
18765
18744
18726
18654
18560
18554
18511
18502
18456
18452
18381
18354
18305
18286
18284
18231
18225
18097
18084
17997
17985
17932
17892
17883
17869
17785
17754
17711
17684
17594
17569
17521
17463
17447
17408
17321
17305
17290
17238
17200
17153
17120
17112
16985
16937
16885
16835
16723
16682
16677
16638
16603
16557
16514
16464
16428
16353
16318
16262
16253
16216
16198
16099
16069
16045
15964
15942
15881
15847
15832
15819
15671
15636
15621
15581
15575
15522
15514
15435
15396
15390
15289
15285
15256
15219
15199
15105
15064
15052
15014
14949
14948
14870
14851
14753
14703
14693
14499
14490
14448
14448
14415
14400
14395
14332
14325
14237
14223
14175
14092
14030
14022
14013
13943
13901
13869
13777
13673
13668
13646
13640
13629
13543
13533
13467
13415
13235
13211
13186
13140
13083
13054
13047
12935
12909
12908
12799
12784
12687
12662
12603
12600
12493
12489
12477
12451
12404
12289
12256
12216
12162
12158
12082
12053
11985
11970
11969
11937
11896
11875
11857
11838
11759
11741
11719
11685
11617
11592
11569
11521
11453
11418
11403
11336
11328
11302
11232
11197
11158
11135
11071
11057
10937
10924
10916
10838
10809
10794
10764
10730
10698
10687
10636
10618
10572
10530
10477
10458
10444
10420
10419
10342
10312
10292
10256
10186
10110
10052
10052
9915
9905
9806
9799
9768
9741
9630
9580
9547
9515
9457
9414
9405
9370
9335
9297
9292
9276
9204
9156
9107
9101
9057
9004
8988
8920
8845
8827
8814
8783
8769
8703
8665
8665
8588
8565
8516
8494
8474
8410
8381
8369
8296
8276
8212
8184
8093
8090
8028
8023
8007
7994
7977
7934
7927
7872
7851
7830
7802
7685
7652
7589
7577
7520
7513
7460
7434
7426
7411
7320
7289
7276
7234
7171
7146
7131
7083
7020
6978
6975
6932
6886
6878
6864
6805
6742
6730
6705
6674
6487
6449
6403
6379
6331
6245
6243
6183
6121
6098
6049
6040
5982
5934
5899
5836
5805
5735
5724
5703
5702
5641
5635
5566
5492
5484
5464
5420
5372
5370
5331
5326
5257
5250
5212
5180
5039
5037
5021
4985
4914
4908
4863
4796
4710
4694
4673
4653
4624
4579
4563
4535
4482
4451
4404
4307
4275
4266
4190
4145
4145
4071
4062
4040
4005
3885
3874
3853
3849
3848
3788
3783
3747
3677
3663
3636
3582
3545
3539
3481
3448
3374
3347
3324
3285
3152
3095
3070
3021
2968
2939
2913
2801
2769
2727
2722
2710
2660
2625
2583
2572
2509
2504
2475
2455
2419
2389
2298
2274
2242
2222
2148
2135
2053
2020
2002
1936
1906
1868
1825
1807
1746
1710
1686
1604
1542
1481
1470
1435
1424
1411
1368
1337
1287
1275
1155
1129
1096
1053
1041
996
981
954
927
908
881
843
818
800
734
719
692
669
636
620
559
510
454
394
377
363
338
285
254
181
143
126
48
