-256.000000 749.000000
275.376655 441.853458
663.281614 217.636483
276.415497 219.469685
-8.773838 -977.251819
596.615227 323.717757
463.892893 516.977860
-146.912157 -587.278547
-532.464346 618.918540
-352.150526 55.492733
-891.556019 721.171704
321.757751 216.729895
622.198913 974.575278
-436.035728 -897.989254
-920.384470 -127.148124
639.205405 862.020620
-945.315240 25.749877
-980.423103 774.555769
-152.151277 645.004415
424.102419 800.653259
-539.663558 -738.980728
-288.368083 -835.774412
937.674190 640.953446
299.062021 -723.604451
-681.978615 -168.200174
539.814416 842.904524
416.483099 888.442593
-472.916109 806.539220
-897.042193 406.104590
-926.387185 -387.474448
-741.296758 222.894567
504.127335 948.890983
388.652845 349.393186
-509.429013 54.644174
-401.436516 219.995407
71.962727 766.236615
173.025240 350.445303
-49.748731 555.992778
-138.361109 -965.664522
212.962839 -340.740940
44.144128 320.902874
-187.605368 -6.514238
17.707471 3.864427
435.718142 -252.499565
73.876311 -945.151351
89.744133 -98.633035
71.824586 -229.158632
-164.083088 -869.018068
473.588324 -179.248271
325.775070 -246.705807
-375.808327 -778.907193
616.082327 935.032646
-104.419487 -585.676456
-289.640140 -949.390596
-756.079780 -150.463342
277.815671 -289.285755
28.137873 -669.475165
903.909156 -141.614204
-542.203106 -407.636306
-145.691066 -682.847924
606.329789 -613.407628
-354.905053 -961.067666
-747.374127 -299.879459
522.445719 -267.353733
355.271056 -683.736551
-474.262348 -315.109004
891.438281 -354.915958
897.881838 -748.663621
-703.016043 -889.025932
607.944118 -592.087419
-533.451765 194.875962
-980.831861 -460.772322
-16.719730 -548.944956
-102.573903 -554.815452
-76.780619 -807.987196
-577.064484 -328.541450
30.707864 -369.166925
-146.719638 -381.495945
-276.341267 -452.887797
-386.218392 -504.584490
65.887108 -150.103687
-540.178685 -449.139894
-232.938073 -761.503289
-444.180616 -772.527306
77.764094 -948.616173
-354.724516 -60.912434
-432.480241 -474.882528
484.955711 -580.625701
-362.618755 -263.522716
873.049412 -463.605520
359.967450 -698.880913
-672.880755 -691.881046
403.987034 -12.013201
-938.185065 -630.589318
11.139129 787.915325
657.790042 564.422265
-342.413546 -206.757822
-476.902415 -796.753013
-29.968270 -560.130827
357.437737 -8.433360
-7.651824 -45.413201
146.304831 -433.791287
81.219114 -387.896102
63.194944 -156.339726
-0.726924 -165.701883
-2.438475 -252.011286
-44.119439 -237.317529
152.884870 -230.334209
169.283930 -206.372929
-72.467002 -221.808488
-577.674218 -232.337145
862.298799 -249.646132
-470.003466 -211.743593
548.603614 -211.264921
596.032886 -240.871895
-11.888102 -242.617387
452.006069 -175.025158
580.109420 -220.946589
-314.306090 -256.670008
160.721755 -250.425023
989.666187 -207.144840
-390.014341 -182.491727
-218.896505 -188.771138
567.602499 -309.208234
634.249034 -117.295210
-474.124963 -165.112775
-162.872728 -289.271259
951.116010 -276.401504
280.602227 -210.942890
-206.000319 -158.886808
143.590353 -204.315855
599.347266 -237.884524
83.097891 -176.693156
-4.796418 -172.679485
479.722426 -235.901705
360.829143 -190.473061
-5.361812 -196.159356
402.034445 -204.792037
573.034603 -201.058001
436.256880 -213.408449
72.677521 -222.016097
306.624315 -178.978227
425.759576 -192.246223
168.442008 -238.751594
146.031666 -188.623070
593.197520 -181.556000
13.651622 -204.888360
254.026076 -219.626313
488.364542 -200.016089
167.901225 -198.097123
105.861347 -213.344640
485.757350 -217.884533
228.671768 -204.760835
149.094527 -200.042261
337.124030 -204.890217
330.278115 -215.851168
250.685838 -215.244472
216.116930 -186.452532
295.766754 -212.914023
337.372964 -211.569139
237.077303 -209.563494
256.688562 -198.499138
345.055721 -203.639953
240.611771 -211.212575
202.414335 -194.565305
219.875033 -214.105916
322.863052 -212.651031
335.565589 -202.345264
223.863526 -193.759694
321.189746 -218.580559
332.887753 -205.767716
230.300322 -193.883041
276.035455 -201.934552
321.892432 -207.504587
247.139744 -200.530986
266.415324 -195.739964
307.403603 -200.171036
273.447385 -204.828671
259.203203 -198.070242
272.519217 -199.441425
304.630472 -205.405900
282.295885 -199.996029
270.060736 -196.425199
282.808814 -205.199962
294.721473 -201.703184
295.481969 -196.345725
261.479734 -206.232095
284.289216 -191.201203
300.461563 -204.567399
278.185550 -206.686779
276.417881 -194.775859
287.902827 -193.052719
292.202825 -202.229413
283.338079 -204.614362
277.309963 -196.748281
291.782361 -196.558555
275.562872 -204.751781
288.374886 -206.889944
285.763142 -194.167746
277.983684 -197.507475
291.777410 -208.235666
286.178613 -207.631801
275.892006 -188.041488
275.722606 -194.030827
287.256967 -214.853863
290.057446 -197.858308
270.602201 -192.539018
268.853495 -215.842358
288.721943 -220.342243
297.702169 -183.536000
266.418975 -195.993064
265.523159 -213.146650
280.820766 -194.436137
299.059329 -200.525888
285.365123 -206.044669
273.284440 -197.805599
291.375544 -196.751744
291.107434 -204.977525
274.131847 -201.611720
269.830152 -198.038549
291.386938 -199.253714
292.671836 -203.876152
269.327597 -205.832454
280.770146 -202.805794
290.763291 -195.275844
296.527392 -207.587775
264.416367 -203.755708
302.276018 -195.241685
289.819919 -192.896304
271.033088 -209.310510
282.589402 -193.765417
292.576584 -191.962881
269.493427 -216.336309
285.454180 -191.302414
290.850221 -201.834884
278.055184 -206.961794
277.187500 -197.006399
296.980921 -193.777796
301.927523 -206.347066
257.036024 -207.102472
283.076417 -198.509985
305.411071 -197.016598
298.965295 -201.751841
239.512426 -203.058176
297.017929 -203.104922
301.405244 -200.941546
274.775175 -200.387354
266.453406 -199.931330
287.860709 -201.625808
303.376959 -203.012283
286.793756 -201.921240
272.944924 -201.237740
280.567973 -203.679188
297.634599 -199.345918
289.644352 -203.475644
273.375101 -202.614054
294.327110 -200.610815
295.063600 -204.012285
269.106334 -204.445122
296.059581 -200.503025
283.302471 -201.928108
279.397491 -203.182439
289.444972 -203.583084
288.902070 -199.928299
286.488149 -200.155865
282.580803 -201.406347
282.071187 -202.621963
292.118293 -202.333634
283.555528 -201.309253
283.163354 -201.953810
286.940785 -202.572276
287.010093 -202.524121
286.377347 -201.259232
284.569307 -201.837881
283.469956 -202.280323
284.472464 -202.220316
285.231841 -201.316070
285.423882 -201.441179
283.510627 -201.831709
283.321678 -202.572274
286.196729 -201.850634
285.401717 -201.335137
284.068179 -202.676720
283.752890 -201.500126
286.581718 -201.580058
287.009652 -202.664007
283.478307 -202.173570
283.215979 -201.384578
286.867587 -201.712928
287.355675 -202.188492
284.519299 -201.909955
282.670985 -201.985270
284.732675 -202.110021
286.684216 -201.702516
286.546328 -202.243554
282.950429 -201.768548
285.776068 -201.631939
286.615909 -201.707507
