-270.000000 -872.000000
25.688710 256.878794
204.486733 413.388113
293.885745 491.642772
151.013046 471.620827
174.019532 417.423984
249.985883 380.259982
270.453187 -414.143584
264.263688 99.861886
200.576933 156.094332
281.437393 179.657300
325.589702 -2.354430
288.457556 -169.675934
275.513370 -303.694381
374.600839 -282.317455
152.307553 46.684844
248.707777 -557.302693
375.266071 -253.317345
302.791880 -15.240720
250.714031 -445.086002
310.996532 -431.721726
313.333032 5.363433
270.885991 80.379458
262.880477 -161.462426
336.117863 -348.147171
339.036613 -20.694465
228.345071 -278.279299
274.975964 -89.798228
321.625075 -100.214477
230.109067 -296.477798
242.204883 -172.547546
289.933830 -112.887988
309.801748 -134.710594
293.268882 -254.978322
271.062715 -233.939111
303.487523 -162.360720
288.216974 -144.808115
280.498428 -187.788180
284.787815 -215.682033
291.939500 -205.440203
290.283380 -194.444183
286.513877 -218.575547
288.554081 -186.731394
293.155305 -211.510271
284.032710 -204.154647
283.582255 -198.427313
288.648927 -205.530438
281.771136 -205.164795
279.714820 -198.496905
300.804491 -204.943283
276.945322 -207.650927
268.953165 -206.797403
289.999787 -201.820605
287.392028 -204.022657
282.328703 -203.227185
283.689308 -202.674849
291.711469 -202.015500
278.416535 -202.831214
278.810034 -202.601818
297.147237 -202.457689
295.854140 -202.585099
269.465463 -202.659059
283.683912 -202.449507
297.988686 -202.372086
282.913499 -202.382311
281.189458 -202.554568
291.789689 -202.440795
276.791638 -202.398429
285.403651 -202.496538
289.822500 -202.510442
284.550958 -202.464508
288.654377 -202.490968
285.528024 -202.464146
284.847519 -202.453691
289.417346 -202.462991
291.244441 -202.452337
274.946353 -202.452291
301.039966 -202.466843
283.769731 -202.464035
276.559853 -202.451327
280.909052 -202.474290
292.800185 -202.462296
278.548032 -202.449157
281.408038 -202.463516
296.071745 -202.462272
287.147245 -202.455647
281.197413 -202.470763
287.296472 -202.448345
290.240796 -202.441467
278.177863 -202.491416
277.642710 -202.421510
282.353544 -202.496421
288.237947 -202.453774
284.095229 -202.447132
285.350364 -202.461926
289.236336 -202.474013
285.754063 -202.450179
284.151343 -202.491242
288.197394 -202.476259
286.053372 -202.453832
286.923175 -202.481185
286.348412 -202.447765
286.795596 -202.481167
285.728577 -202.470521
286.094166 -202.459218
286.433198 -202.456330
286.919248 -202.477697
287.315405 -202.459796
285.321206 -202.461514
284.469015 -202.467452
289.853094 -202.466913
283.111379 -202.462191
284.928449 -202.468726
289.328201 -202.466226
287.824586 -202.464070
284.362271 -202.462632
286.779989 -202.466657
287.481418 -202.465379
284.218607 -202.465988
285.345897 -202.463724
289.937411 -202.460107
291.163044 -202.465541
278.086700 -202.463321
295.152222 -202.464625
278.472694 -202.464827
