21.000000 -705.000000
-25.248431 -448.580752
140.704199 209.368352
306.205774 544.688862
377.538262 640.119472
97.295826 455.663688
5.252134 320.128311
79.360618 -392.575174
314.841477 -624.624037
47.110138 904.724817
107.190296 563.128555
364.839370 -669.363297
348.779695 -142.153346
289.337980 -970.470738
299.794291 -850.065022
330.376751 -614.210530
342.969944 -613.927176
354.549580 -937.280648
351.477780 801.675208
246.193157 -545.962370
287.705011 -889.072539
414.163109 -336.449325
415.719677 197.602556
198.026356 -479.861114
165.650320 -620.740905
156.265823 589.589450
372.386728 -224.637658
479.572862 -611.536574
26.227094 344.596697
334.881170 -812.782753
489.328028 80.589553
63.577376 -221.281368
497.801625 -340.030569
369.254976 -208.672585
250.183352 -136.465369
443.551316 -317.834903
380.137270 -186.266113
285.822999 -133.809608
294.764526 -293.311416
434.256812 -134.823283
192.446120 -241.405566
447.446061 -182.444688
451.659306 -193.185838
140.077684 -200.583936
373.540546 -214.500398
313.403209 -197.375858
236.189381 -193.908848
415.852656 -198.344539
210.997107 -201.696266
258.912040 -198.214262
314.874355 -199.360941
283.755327 -201.389607
270.849044 -203.130850
307.631401 -202.888891
301.871551 -200.688423
268.578692 -200.483854
262.499308 -203.095716
303.321095 -200.829881
311.693747 -202.057823
277.703443 -202.473864
276.570581 -200.971647
296.768041 -202.888467
299.111455 -201.422961
284.228821 -200.712604
280.755338 -203.916010
291.412926 -203.460046
292.600899 -197.649220
274.164348 -197.528452
279.085934 -197.736960
295.976874 -204.167678
287.018396 -203.576468
277.442965 -202.175038
286.473170 -200.800113
287.091812 -202.496760
287.444138 -202.477586
281.833819 -200.526402
290.922152 -202.876284
276.888499 -203.605747
281.731542 -197.996953
292.144609 -199.118154
287.331437 -201.168615
282.360203 -203.572213
286.688038 -203.532824
289.748276 -199.391722
287.401134 -201.718462
284.485619 -203.661630
283.725119 -202.212570
289.540963 -201.654352
278.974132 -203.308569
289.513598 -201.163008
286.688338 -200.957437
282.345900 -202.139830
284.542292 -202.889611
288.469479 -202.079274
284.119580 -201.956936
287.831230 -202.625686
288.226802 -202.160727
284.212970 -201.636861
287.843960 -202.409705
286.902339 -202.836052
286.140565 -202.512529
284.010731 -201.583536
289.160128 -203.318473
283.586165 -202.336855
284.175866 -201.550582
285.115530 -201.977828
288.938941 -203.104791
283.275221 -201.308201
285.101603 -202.597678
286.269855 -202.485725
286.346989 -202.037306
286.245162 -202.127777
286.008575 -202.216281
284.450770 -202.059253
290.805484 -202.316634
280.800616 -202.471082
287.655144 -201.574804
290.720548 -203.264741
278.446459 -200.677377
288.692661 -202.792181
286.673807 -203.061186
285.836627 -202.097576
285.091692 -201.866135
287.116089 -201.963388
288.383738 -202.319013
