562.000000 510.000000
648.140000 452.330000
711.022200 410.230900
689.274288 512.532919
446.903075 524.324808
279.538042 532.604307
314.125083 385.504715
339.373624 278.122012
291.732600 312.979277
327.484621 522.932008
318.691728 304.788404
304.001635 369.374287
319.224627 467.251818
315.830562 279.245581
310.579693 387.092963
306.746559 465.821552
306.378957 403.074058
310.975554 318.306896
313.997009 345.151059
310.668541 377.158968
308.005974 417.363147
308.681206 339.619653
311.935363 384.039245
313.401237 421.058991
308.426823 362.312240
308.130514 352.410842
322.605379 176.303898
373.286993 -446.976418
348.766242 764.820521
346.401302 107.285452
310.617582 -12.356528
295.994165 358.315730
313.397887 -89.467697
336.987199 -344.817755
365.207919 413.881093
362.869234 639.058584
294.339337 74.077634
507.582359 -859.449787
340.205284 -153.629662
218.020020 361.619030
340.393737 -59.307708
429.429792 -555.214560
302.344793 -249.413779
209.572744 -26.179209
343.107565 -25.192191
421.105622 -557.407649
257.300965 -892.789087
250.456793 -988.544493
380.532287 514.011592
365.576895 -659.546417
192.347140 -647.657529
135.158250 -22.567388
402.933680 -155.651613
473.163995 -293.914223
-68.866461 -233.803050
824.233056 -210.020783
208.465065 -252.908593
47.377427 -283.600088
716.170750 -219.355152
174.762749 -177.274194
-71.935438 -201.491869
309.543163 -269.534739
585.875759 -271.688763
-174.089268 -226.191733
116.117741 -155.535523
652.821659 -178.920335
200.048995 -369.831602
76.056274 -246.650826
387.383587 -89.095577
594.444555 -439.524308
50.631744 16.110317
143.869659 -228.590417
444.853850 -424.734688
530.486640 -265.764510
47.158415 -68.713281
49.283614 -256.658922
740.701968 -324.478775
415.638813 -227.181503
81.879394 -154.745300
326.907702 -213.773451
427.250230 -248.069773
203.227080 -161.949154
275.343945 -197.040153
334.291244 -223.914208
190.542551 -170.031970
250.537203 -168.718519
395.378262 -202.317226
232.631819 -223.034870
116.505608 -167.393994
503.240272 -173.384244
651.001856 -262.229828
-642.967905 -191.642724
162.851440 -146.925302
-954.397695 -238.026389
-175.570556 -168.066767
-833.531782 -143.984967
232.600193 -295.540954
571.849558 -366.965259
-754.556802 72.885502
-337.800248 -71.687304
-848.267217 -240.548478
366.938770 -283.727221
44.939809 -138.179146
-725.375989 -107.748359
639.310533 -288.118268
356.813616 -221.397190
-545.032603 -139.195925
258.176705 -199.278357
378.407569 -241.524037
-226.633137 -174.114782
400.573594 -174.013824
239.643517 -239.347834
-317.823179 -203.054643
-355.056309 -173.306104
-137.949070 -211.374139
461.177935 -205.881263
-91.416363 -194.005310
-709.252204 -197.657052
202.609831 -204.790720
349.850105 -207.578106
-291.068456 -199.831416
-195.957748 -194.415409
600.114134 -200.837155
281.423041 -201.709467
-480.954809 -202.574062
-790.395707 -202.644972
-0.528838 -201.922901
849.921086 -201.467717
-312.399879 -201.497033
-976.522525 -203.426718
-975.272525 -202.344183
-998.121521 -201.625659
-705.430817 -202.657718
-143.174142 -202.552020
-177.380793 -202.601863
-996.263458 -202.380982
-364.433879 -202.232676
-430.556729 -201.148112
640.597116 -203.457874
-958.857233 -203.092586
-849.612624 -201.405941
806.011823 -200.817854
231.864881 -201.350091
790.156066 -204.361526
257.882508 -200.140550
-603.780325 -199.922403
780.457045 -206.439386
-354.944008 -203.042668
-367.494145 -200.433635
103.001921 -200.825048
408.855453 -203.401240
-96.565293 -202.968551
204.309295 -201.215426
115.867794 -201.312786
-152.930713 -203.717856
368.388867 -202.607098
73.447383 -200.455362
-96.252098 -202.022874
610.121781 -203.708895
281.410539 -199.973390
-493.525960 -204.840935
490.729920 -206.383911
278.847296 -200.860797
-408.467098 -198.670347
877.628239 -208.574089
-967.155657 -201.391540
-422.339359 -196.452803
654.429831 -199.760097
285.613845 -205.475626
-527.020968 -203.998233
213.972403 -196.921638
354.016693 -199.796735
-154.862061 -202.619536
-367.610909 -202.203325
-753.285100 -201.636904
777.477529 -201.318943
418.114804 -201.543968
-874.713369 -201.987738
647.143272 -201.993931
-960.477128 -201.277014
417.265909 -201.965419
519.253056 -201.837954
-407.265346 -201.374298
482.418764 -201.975169
201.486503 -201.845019
-281.477379 -201.501825
-943.159038 -201.685044
-962.209320 -201.783682
658.729848 -201.762050
452.635597 -201.507281
-775.994647 -201.655364
738.868737 -201.809353
-202.449053 -201.751756
-148.835069 -201.602080
416.035467 -201.575951
22.502445 -201.689202
-378.441112 -201.733035
994.615077 -201.702910
918.259918 -201.603563
-859.289139 -201.762953
971.086982 -201.679198
-7.352852 -201.608743
-255.500489 -201.656197
-119.110990 -201.776500
407.368359 -201.507956
677.668755 -201.482265
378.131718 -202.092981
22.175488 -202.189512
282.537265 -200.814846
474.355962 -200.038626
176.697126 -202.714456
112.080782 -202.466193
271.585409 -199.201928
419.631442 -200.010937
187.018612 -204.870843
141.764439 -206.659112
307.318691 -196.465498
359.947067 -197.936442
263.872342 -209.074397
210.503653 -206.996081
328.764260 -192.717030
293.162465 -203.894320
256.774671 -205.419041
282.605119 -202.499297
304.064554 -199.437885
297.374535 -202.889520
260.534437 -203.211500
276.369587 -201.240565
304.570520 -200.220863
285.317559 -203.660020
267.890435 -202.325091
273.490724 -200.564176
311.472250 -203.041470
239.002567 -202.003136
192.709472 -201.779945
469.348500 -202.455544
225.363469 -201.965094
134.393114 -202.462801
334.456259 -202.187804
374.167405 -202.301593
233.778423 -202.468007
204.351737 -201.527355
272.854785 -202.301498
348.383538 -202.415126
224.837573 -201.623001
266.825091 -201.977806
340.570952 -202.752760
320.515435 -202.207857
179.990652 -201.307688
269.162997 -203.818210
351.638007 -202.415809
307.231982 -200.445157
199.570491 -203.803662
230.959559 -203.488700
260.062935 -201.437111
330.267949 -201.813247
293.523757 -203.466266
243.011436 -202.556677
312.473918 -201.160788
318.784074 -202.662788
233.412609 -202.888303
248.667926 -202.461368
358.314380 -201.153187
290.711111 -203.111195
228.076938 -202.368741
312.801385 -201.558687
335.575239 -201.783984
257.666920 -202.302468
264.168701 -202.309862
291.401154 -201.796162
305.302638 -202.490662
256.263722 -202.485044
267.544875 -202.254198
314.627019 -202.136024
291.103069 -201.827541
255.084789 -202.684687
245.004860 -202.756117
378.448447 -201.987121
268.743611 -201.709852
224.508213 -202.243455
298.790343 -202.237670
317.132798 -201.872618
263.035043 -201.919729
272.768308 -202.845837
310.770658 -202.686178
281.688464 -202.081479
266.382240 -201.743995
289.567085 -202.956892
302.414225 -201.261329
267.542611 -201.601838
261.962995 -203.572553
316.042940 -202.765189
320.632579 -201.190906
288.423415 -202.831955
254.972773 -202.640503
288.258625 -201.846411
302.054463 -201.713599
272.972556 -202.314711
287.207450 -202.257056
295.173859 -201.662019
273.873595 -202.208646
286.250934 -202.702070
293.157765 -201.518448
280.598432 -202.066075
274.685085 -203.391129
301.082617 -203.483525
297.452100 -199.562954
272.253588 -206.343527
274.963586 -207.471854
299.963404 -200.541503
293.537612 -199.040197
264.879371 -209.726546
300.227424 -203.292080
299.459728 -197.899165
256.397909 -208.073667
253.668465 -201.440939
321.630563 -197.451555
299.847987 -206.702532
244.071749 -208.052597
258.859278 -191.798854
331.449399 -210.640967
334.856715 -211.984902
216.633610 -179.291077
390.316650 -206.968985
302.073663 -212.169744
185.615991 -178.634353
398.955908 -192.325491
252.337288 -226.808157
189.460868 -213.372957
385.382774 -193.438852
387.332052 -194.399124
82.382034 -212.366605
423.082964 -204.325502
549.822034 -193.667454
51.769004 -195.775675
531.510635 -208.602901
449.986064 -210.080243
-240.298032 -194.861612
-155.770092 -192.007342
318.595702 -220.068560
641.542983 -203.822155
247.693759 -188.532005
52.402178 -223.960466
252.663293 -223.534950
444.890457 -157.253341
253.907002 -234.410610
148.541284 -184.499158
334.241274 -154.522409
390.328852 -222.279555
22.530744 -247.119861
317.301386 -131.203951
448.483653 -213.944595
104.079452 -247.719586
253.988782 -212.454953
444.269858 -180.432455
329.795894 -212.534707
119.305663 -205.953733
449.486373 -194.771044
176.621399 -200.074992
260.809074 -206.711150
395.754013 -207.289700
195.215570 -199.648766
206.143600 -196.973673
353.317948 -209.290836
285.079693 -203.153373
237.207945 -197.998436
239.469892 -199.211739
309.668004 -205.454152
343.318021 -204.464179
176.994849 -198.853476
192.540057 -203.301052
446.243589 -205.437386
559.049024 -202.946240
124.636770 -200.179305
267.938541 -200.583484
407.136772 -206.026414
478.879197 -198.240277
-32.751474 -198.652959
139.245901 -199.939338
331.249453 -206.655334
409.938859 -201.878864
206.188346 -198.807608
151.514084 -199.016910
462.549111 -208.499062
472.518202 -204.001564
-18.328070 -198.389422
1.887706 -198.687915
446.425347 -205.022191
308.561759 -208.010406
158.079500 -197.717051
414.639400 -198.185959
152.353613 -211.063233
390.248814 -217.196965
361.739929 -190.877351
251.733588 -187.171894
238.626596 -220.717824
369.163405 -226.522084
437.997026 -191.912734
2.493026 -200.226393
149.182963 -212.030896
791.822132 -209.454386
150.346796 -197.350527
-138.796415 -204.486059
-122.228196 -208.336577
-643.678820 -197.677176
-821.349875 -200.083853
567.916633 -205.603569
-117.101682 -202.632354
492.623848 -200.202837
226.281493 -202.367106
-355.320922 -203.478124
-176.826719 -200.248710
514.749250 -199.574324
-80.895377 -206.185528
-9.665361 -198.948939
31.801289 -199.131017
-398.417415 -201.868450
445.349670 -204.990147
249.943607 -202.326163
-409.109625 -200.714398
-750.806597 -201.356407
-132.055543 -205.484583
315.909107 -202.368965
63.804202 -200.158081
-270.073837 -200.960371
62.386508 -202.278526
439.403222 -202.777769
-165.178780 -201.367950
-251.276071 -203.018173
-190.813800 -201.740519
47.606404 -202.046349
361.765977 -202.482290
-84.239959 -203.057834
-314.274005 -202.821545
-762.065576 -200.706408
-10.138277 -203.511766
163.264905 -202.648163
-415.361695 -201.172891
-386.002508 -202.998515
147.453803 -202.659965
-269.769409 -202.159912
772.930151 -201.676703
-372.054198 -201.761075
904.111706 -202.424460
59.878241 -202.501647
150.613334 -202.685467
599.649227 -201.759088
409.072993 -201.943272
110.870564 -202.220609
436.551709 -202.673913
427.049792 -202.259614
186.831209 -201.835727
212.003391 -202.355001
484.811962 -202.693846
271.618113 -202.745983
143.626068 -201.322508
426.628606 -202.044687
467.515597 -203.008896
146.225430 -203.085170
404.799083 -200.705955
366.692515 -201.803392
330.201031 -204.360180
288.918396 -202.115130
255.151403 -200.375861
294.582398 -205.513954
310.323061 -206.604101
298.557687 -197.911284
265.374794 -202.168092
284.094411 -205.091819
298.985859 -202.823725
280.975590 -200.338601
273.954666 -203.693211
289.158030 -201.019294
296.357392 -202.950732
281.799246 -202.931219
274.969038 -202.118362
279.626832 -201.061822
302.650443 -201.783064
279.647712 -203.252031
277.461456 -201.555337
291.327401 -202.385478
288.935890 -203.164252
284.659170 -202.904275
283.879454 -200.622996
288.491822 -204.289400
290.625435 -205.667723
284.664464 -199.135400
282.651989 -200.953547
285.567772 -203.474524
288.449171 -203.060736
284.965802 -201.264936
282.521012 -201.004157
285.511050 -201.395651
287.536359 -202.612946
281.391609 -201.960907
288.685353 -200.974889
289.684718 -200.612438
278.110134 -202.907195
290.168196 -201.847171
290.346034 -200.504814
