568.000000 596.000000
-463.487189 -898.280136
979.880446 -881.107190
270.793752 -528.263073
-149.252866 -772.433611
647.191312 -158.708944
846.871118 263.728850
84.580306 349.670353
-111.102589 359.332402
217.318125 9.801423
314.855427 394.308357
370.817325 -163.374356
355.122557 -470.625635
336.923927 -15.955822
328.330785 -153.621097
305.326070 -293.494743
299.477847 -132.400868
311.008203 -75.801374
309.333691 -322.389112
327.109042 -136.938548
312.076736 -170.336022
290.727907 -224.471032
294.329147 -226.852803
267.511532 -209.864581
277.781943 -192.657498
288.480630 -191.525314
288.437840 -205.518578
286.641742 -209.822127
287.321264 -206.243978
289.754857 -203.104392
288.085932 -201.493167
286.965854 -200.859877
287.081087 -201.405833
287.610764 -202.106412
287.248078 -201.571770
287.258414 -202.263110
287.298437 -202.234598
287.141427 -201.312090
287.249789 -201.501859
287.277024 -202.195066
287.325720 -201.965440
287.053311 -202.502690
287.728795 -201.175261
286.663872 -201.773612
287.554914 -202.344091
287.077826 -201.769741
286.710801 -202.489315
287.630618 -201.698343
286.080498 -202.348872
285.612894 -202.719088
286.960579 -202.192442
288.045230 -202.253089
284.519027 -202.746898
287.576955 -201.928406
286.184992 -202.480423
286.153383 -202.699562
288.189359 -202.236064
286.791438 -202.412447
285.896088 -202.474786
285.886929 -202.422136
286.868587 -202.446702
287.539780 -202.468379
286.263100 -202.471310
286.275653 -202.376593
288.176883 -202.442171
285.552036 -202.437904
286.929731 -202.455442
287.674154 -202.437942
285.426894 -202.455563
287.472310 -202.467165
286.673527 -202.472501
287.521492 -202.446659
284.215582 -202.477072
284.787890 -202.453401
286.024035 -202.457076
287.233982 -202.469845
286.023284 -202.456094
285.388531 -202.460185
286.190150 -202.461579
286.478942 -202.455847
286.934736 -202.453644
285.947995 -202.453034
286.065613 -202.483230
285.687107 -202.438169
285.384314 -202.465081
286.935213 -202.471151
286.017128 -202.444872
286.489997 -202.443958
285.837593 -202.472609
286.684333 -202.459375
286.814950 -202.460326
287.037908 -202.462200
285.792268 -202.463996
287.663257 -202.454110
285.748693 -202.470737
286.522355 -202.456773
285.697518 -202.450002
285.989371 -202.480824
285.565416 -202.463493
288.152466 -202.442564
287.887754 -202.447549
286.788741 -202.483361
284.723313 -202.435630
286.479287 -202.456170
288.229765 -202.487504
283.885420 -202.443688
289.787268 -202.455841
283.209338 -202.470932
288.529844 -202.452984
289.809386 -202.462082
286.960302 -202.472438
285.242942 -202.446449
287.668956 -202.445371
287.723798 -202.455262
282.527060 -202.460425
290.253923 -202.459939
282.060744 -202.470684
292.186398 -202.427404
277.989015 -202.439582
303.181822 -202.464722
278.140962 -202.459054
287.457792 -202.454927
288.722021 -202.464199
282.585537 -202.467821
287.272014 -202.468423
