-22.000000 -247.000000
-29.000000 -240.000000
374.884850 111.141656
-24.710428 -79.127909
-149.765702 287.411192
595.266909 342.440897
312.111586 427.762923
10.414655 -392.114658
249.638423 598.009807
384.387497 478.129253
177.011362 -99.296768
600.828682 -194.762755
683.988511 88.128887
354.843468 792.670824
165.753264 864.514335
559.006775 -452.668206
240.544785 609.046181
168.621337 -939.025437
368.523484 429.326982
355.909642 208.333928
190.773463 62.842209
274.190738 -425.682227
358.833602 283.874049
294.897240 821.941413
269.689515 -130.685409
257.393813 -665.430244
289.205545 -830.095870
283.313653 -305.061245
259.966754 429.239900
272.168928 991.297331
282.572321 -248.419025
290.351578 187.207237
289.567976 -3.449396
277.827537 304.909092
274.809819 245.073235
294.440078 217.231706
293.728127 541.830012
277.074061 703.723163
288.409797 -484.731048
289.807896 358.408743
286.559533 831.282065
282.030686 303.717380
284.944709 -936.645122
286.213827 -111.321436
286.576342 91.770451
281.444567 -412.522690
284.218346 -64.317296
289.129147 -53.184412
283.120566 -441.781363
281.496862 -23.413356
282.855926 -368.656856
289.077277 -246.895337
290.625963 -179.129963
285.918454 -160.312057
292.760913 -193.629209
291.660982 -219.211599
287.973698 -215.788671
287.790114 -183.687607
291.407113 -179.346419
291.102079 -197.404333
290.936865 -210.412691
289.012191 -206.655538
287.258209 -201.041348
286.494220 -198.877032
286.991458 -205.438618
288.210139 -199.710632
287.884141 -201.155861
285.729959 -202.430652
285.800470 -203.098437
288.520853 -202.643545
287.272359 -202.060518
285.311469 -202.224201
287.124624 -202.436176
286.343894 -202.426308
284.646394 -202.432177
287.834020 -202.150040
284.680891 -202.722954
286.881332 -201.631022
288.223475 -202.274724
285.603366 -202.865317
286.323080 -202.966571
285.382482 -201.436528
286.629354 -203.277049
286.018180 -203.479651
287.906365 -200.972528
285.726402 -204.694353
285.252663 -200.971578
288.882954 -201.054098
282.799217 -202.005392
290.459496 -203.261196
283.807752 -202.759978
285.163418 -202.110304
288.308540 -202.355101
287.326285 -202.197941
285.065717 -202.493915
287.717332 -202.260676
284.539189 -202.238876
284.083853 -202.440090
286.701908 -202.286919
286.363700 -202.458154
286.110497 -202.259799
286.401824 -202.184210
288.393547 -202.231969
286.464494 -202.595671
286.466452 -201.775098
287.896413 -202.712341
286.927323 -202.149346
283.790859 -202.018427
290.295449 -202.150544
287.583291 -202.546554
283.835710 -202.008737
288.178314 -202.509060
289.263091 -202.043815
285.759453 -202.053490
283.914623 -202.453977
288.412486 -202.252626
290.196056 -202.050874
282.137866 -202.271871
290.884902 -202.673847
288.080576 -202.151323
284.891430 -202.293413
287.384136 -202.123449
288.439346 -202.493707
284.646115 -202.190299
286.112660 -202.326617
