839.000000 -556.000000
-727.528995 -473.470569
-411.814045 195.656041
231.289766 579.913465
526.934993 477.563267
332.662404 359.490199
235.526109 300.453665
182.214672 -435.034826
248.988725 935.973544
328.515584 -179.105067
368.279013 -736.644373
303.615369 -99.704329
310.220873 133.553656
343.788216 -4.622150
327.049452 -534.752925
280.854588 -519.046870
283.102127 385.276623
326.582106 241.030349
343.623178 -851.100107
254.703565 -647.077343
301.580190 -108.420502
336.949541 -67.852942
321.216575 -250.286745
274.875933 -208.862169
254.334795 -174.209652
287.436128 -202.467194
303.986795 -216.595965
295.895702 -203.374892
271.550410 -193.750006
283.609020 -207.321291
297.074756 -206.556565
283.327511 -193.990894
285.775494 -206.059894
290.861592 -208.332519
280.900262 -189.301319
293.044932 -200.306911
290.147710 -208.515771
282.701649 -195.095241
286.012511 -208.991346
290.840748 -213.298410
287.574055 -190.924407
285.757909 -190.048529
290.403395 -204.545806
287.325482 -209.646519
286.133093 -201.192715
285.738495 -199.394187
287.235365 -206.143448
287.841232 -202.733646
287.257698 -199.093520
286.557954 -205.599382
286.663089 -207.585205
287.122194 -194.655700
285.876400 -202.416746
285.943967 -206.359166
287.981457 -203.092513
286.254095 -199.767075
286.643905 -201.960748
286.479440 -203.446085
287.464920 -202.507404
287.286523 -201.916949
285.892401 -202.606458
285.187432 -202.779607
287.283964 -202.157303
287.712949 -202.055456
286.388873 -202.616246
286.117194 -202.454656
285.742446 -202.337462
288.815251 -202.303524
283.781747 -202.499952
284.242090 -202.579303
288.130685 -202.161958
288.638040 -202.612106
283.980591 -202.120663
288.918393 -202.530621
284.024519 -202.394662
284.624723 -202.323773
288.734526 -202.570541
283.930576 -202.018342
285.498754 -202.748440
285.705211 -202.418797
284.096179 -202.135933
283.885226 -202.822667
290.759813 -202.282310
283.697959 -202.057971
286.201783 -202.838117
286.924671 -202.650513
287.820486 -201.950223
283.911441 -202.546392
285.397067 -202.352601
290.032315 -202.466582
289.433256 -202.383465
285.855685 -202.465067
285.008007 -202.438756
288.258877 -202.425202
288.113364 -202.366762
285.274540 -202.490386
286.371003 -202.432205
287.288282 -202.440589
284.476607 -202.334296
284.902469 -202.430508
288.861451 -202.432700
284.336451 -202.388370
287.627986 -202.322316
287.217584 -202.407470
283.654101 -202.524618
290.180835 -202.443400
287.096823 -202.241880
283.383181 -202.300636
284.476864 -202.495717
289.053664 -202.338476
290.195003 -202.348060
287.157322 -202.538382
284.890851 -202.263780
286.462281 -202.245574
285.402215 -202.486120
286.922732 -202.263517
284.681343 -202.188358
287.430899 -202.531678
283.960864 -202.463597
285.920562 -202.086187
286.851643 -202.078329
284.760122 -202.792573
288.654795 -202.790108
284.630446 -202.397043
287.316672 -201.871928
