748.000000 -839.000000
532.248203 -397.961356
451.707316 466.726376
392.912468 557.948420
463.792607 -176.887990
515.535108 746.681431
448.818905 -867.182183
214.824599 -496.835119
660.214412 -259.154452
430.511217 9.267425
295.534640 -92.618706
301.746675 16.747168
571.182101 -379.470394
383.250518 -659.012278
263.791361 -971.330673
598.578640 -976.434936
472.637740 -913.460812
63.069031 -727.811770
296.137898 -776.271813
588.181667 354.979540
481.410150 -653.812165
74.969847 9.858119
485.573259 -607.379036
491.583946 58.155249
375.267512 -255.225410
290.356516 436.006708
419.968268 501.993783
488.940959 -507.014219
374.015087 -310.105171
292.489249 -12.569530
274.677461 -373.580339
410.657486 -408.413404
423.796707 54.290909
285.100348 -121.689607
441.066748 -483.016389
426.093060 -221.303856
415.162268 -30.253706
409.508375 -239.286466
426.788156 -350.709187
301.114740 -13.372431
462.914605 -32.060905
280.228860 -257.294663
146.868267 -421.715307
373.157994 -376.141841
446.837109 135.566846
267.512983 -392.202006
191.096664 -488.821394
236.401643 218.350237
427.848447 362.542471
268.722772 730.295836
236.622977 804.286058
258.167731 976.778640
314.668232 -305.278326
308.216136 -83.893994
288.546376 847.905447
283.403446 765.644128
312.315982 -201.423230
333.422133 172.617598
330.917169 455.754510
284.416820 385.148714
296.824662 445.717610
325.269002 -709.846261
314.543564 157.788245
305.602775 654.263340
308.071396 539.287808
253.534005 -430.517562
331.540547 -118.406326
287.003514 465.420851
256.541265 676.629633
345.418063 30.438411
295.381236 -110.070144
238.920001 286.689561
364.618251 -617.549746
263.638825 -53.261628
276.459321 747.892247
295.791731 -84.317337
292.624413 -490.331038
298.530653 310.899150
317.448066 511.574738
280.394314 -784.116957
269.010969 -598.151890
339.256294 768.236832
370.249677 -560.166963
267.023714 646.714882
213.026374 -498.503230
379.865015 784.019068
256.435722 -762.457750
277.563697 -971.127897
357.016619 547.182841
255.446846 -980.039246
251.651366 -136.698916
346.713437 465.966305
310.124152 -746.773244
254.002823 -318.889133
296.714878 172.106207
345.786665 -148.288411
299.566339 -448.783031
250.270070 -231.973459
345.120999 27.865102
317.643870 -212.930188
242.663578 -367.608315
261.647941 36.859576
389.568094 245.023387
241.721535 -406.799705
299.228573 -376.308117
361.431573 -34.283355
301.797166 63.164903
244.522670 -418.675323
325.331851 -116.857307
321.072469 -126.699768
264.788820 -201.041487
255.348449 -258.324328
272.796274 -215.913202
270.842569 -139.642176
289.731823 -173.266477
253.639177 -225.648499
292.052008 -217.803720
317.459413 -163.111051
182.416713 -257.822419
240.259360 -153.347732
391.392719 -145.999253
324.345697 -266.475031
236.508928 -226.944262
195.299241 -153.034822
282.853362 -197.771989
350.498510 -233.503534
342.925084 -209.907403
200.119425 -173.479155
288.549152 -224.311471
348.325605 -239.668205
245.571910 -227.957406
266.124559 -151.714897
318.013598 -212.634280
346.165396 -239.388364
200.851289 -151.709095
355.725645 -208.688712
347.080027 -223.215056
204.017544 -186.013406
237.287656 -192.697149
322.444108 -207.726898
283.189293 -195.022446
257.402920 -204.335076
277.424319 -199.026064
310.714324 -194.947657
293.754083 -206.758927
255.749811 -203.621299
303.123293 -189.771235
291.555826 -207.612725
272.970394 -210.355540
274.318555 -199.694295
305.249240 -193.545834
296.306016 -206.734536
261.686905 -203.477857
293.129345 -199.291324
284.482909 -202.690405
278.171011 -205.171735
286.123323 -201.108040
288.594400 -199.746814
283.185598 -207.437052
279.930729 -208.211621
289.369105 -195.588726
278.760087 -194.128014
281.020371 -204.354750
288.353314 -207.988718
284.018178 -201.618612
280.853529 -196.968435
280.435472 -201.527825
289.440061 -205.032916
292.915172 -196.683860
277.279780 -205.704180
281.934915 -210.274896
286.211748 -189.814851
283.881378 -188.605234
282.507163 -212.802440
284.381941 -206.441016
285.495902 -194.965811
281.146801 -202.688190
282.488932 -205.519748
286.084936 -199.990727
281.509811 -201.430293
284.597659 -202.978218
285.769511 -201.037357
283.123175 -200.394524
282.964524 -202.589774
284.035616 -202.411425
284.793726 -200.463831
284.054335 -201.174428
283.488799 -202.561110
283.909553 -201.104928
284.356402 -200.780742
283.713236 -203.301330
284.251100 -203.895122
284.131095 -198.693592
283.717863 -204.105008
283.974609 -201.504517
284.208674 -199.963430
283.972214 -202.712085
283.966655 -203.380284
284.096270 -200.909748
284.063434 -200.738560
283.904822 -202.087809
284.126238 -202.512488
283.967998 -200.667583
283.958871 -202.396714
284.068595 -201.671705
284.148694 -201.142449
284.927017 -201.578152
285.495192 -201.896215
285.909960 -202.128401
286.131871 -201.753195
285.148815 -201.686566
284.949688 -201.858270
284.804325 -201.983614
284.936152 -201.745405
285.047401 -201.663896
284.852853 -201.878943
284.927484 -202.001667
285.014353 -201.807335
285.077768 -201.665472
285.022115 -201.875406
284.981488 -202.028658
285.066929 -201.736431
285.064015 -201.695500
284.982735 -201.833127
284.958112 -202.091927
285.067478 -201.803333
285.081286 -201.784558
284.875161 -202.021755
285.255353 -202.130913
284.704966 -201.488246
285.002563 -201.700891
285.255033 -202.290588
285.226156 -202.041490
284.768121 -201.628699
284.977930 -201.722683
285.226617 -202.139767
285.136988 -202.001198
284.794486 -201.689567
284.995722 -201.846675
285.212962 -202.005914
284.698531 -201.869179
285.046903 -201.776971
285.216465 -201.918874
285.340246 -202.022463
285.230738 -201.910495
285.150798 -201.828758
285.092441 -201.769090
285.176430 -201.865956
285.237742 -201.936668
285.117197 -201.945749
285.258500 -201.722482
285.138584 -201.816361
285.143712 -201.929190
285.216105 -201.871394
285.170925 -201.808866
285.149429 -201.889902
285.133737 -201.949059
285.151624 -201.878428
285.164682 -201.826869
285.141582 -201.881410
285.155200 -201.915815
285.157801 -201.806940
285.155236 -201.860050
285.147739 -201.935680
285.147139 -201.785958
285.152703 -201.879383
285.154343 -201.946080
285.149088 -201.962479
285.150955 -201.800533
285.152933 -201.908422
285.153174 -201.891060
285.150342 -201.873038
285.148275 -201.859881
285.149031 -201.864153
285.152427 -201.878601
285.149096 -201.877095
285.150014 -201.860564
285.151141 -201.881824
285.149609 -201.880105
285.150197 -201.872426
285.150798 -201.867773
285.150392 -201.868063
285.149945 -201.880798
285.150475 -201.871585
285.150691 -201.867789
285.150136 -201.875763
285.149955 -201.878396
285.150703 -201.874529
285.151249 -201.871706
285.150313 -201.875326
285.150753 -201.875337
285.150956 -201.873392
285.150578 -201.874454
285.150302 -201.875229
285.151062 -201.875201
285.150701 -201.874372
285.150108 -201.873880
285.149675 -201.873520
285.149359 -201.873258
285.149888 -201.873720
285.149615 -201.873496
285.149416 -201.873333
285.149640 -201.873599
285.149803 -201.873793
285.149586 -201.873777
285.149427 -201.873765
285.149311 -201.873757
285.149227 -201.873750
285.149165 -201.873746
285.149120 -201.873743
285.149087 -201.873740
285.149063 -201.873738
285.149046 -201.873737
285.149033 -201.873736
285.149024 -201.873735
285.149017 -201.873735
285.149012 -201.873735
285.149008 -201.873734
285.149006 -201.873734
285.149004 -201.873734
285.149002 -201.873734
285.149001 -201.873734
285.149001 -201.873734
285.149000 -201.873734
285.149000 -201.873734
285.148999 -201.873734
285.148999 -201.873734
285.148999 -201.873734
285.148999 -201.873734
285.148999 -201.873734
285.148999 -201.873734
285.148999 -201.873734
285.148999 -201.873734
285.148999 -201.873734
285.148999 -201.873734
285.148999 -201.873734
285.148999 -201.873734
285.148999 -201.873734
285.148999 -201.873734
285.148999 -201.873734
285.148999 -201.873734
285.148999 -201.873734
285.148999 -201.873734
285.148999 -201.873734
285.148999 -201.873734
285.148999 -201.873734
285.148999 -201.873734
285.148999 -201.873734
285.148999 -201.873734
285.148999 -201.873734
285.148999 -201.873734
285.148999 -201.873734
285.148999 -201.873734
285.148999 -201.873734
285.148999 -201.873734
285.148999 -201.873734
285.148999 -201.873734
285.148999 -201.873734
285.148999 -201.873734
285.148999 -201.873734
285.148999 -201.873734
285.148999 -201.873734
285.148999 -201.873734
285.148999 -201.873734
285.148999 -201.873734
285.148999 -201.873734
285.148999 -201.873734
285.148999 -201.873734
285.148999 -201.873734
285.148999 -201.873734
285.148999 -201.873734
285.148999 -201.873734
285.148999 -201.873734
285.148999 -201.873734
285.148999 -201.873734
285.148999 -201.873734
285.148999 -201.873734
285.148999 -201.873734
285.148999 -201.873734
285.148999 -201.873734
285.148999 -201.873734
285.148999 -201.873734
285.148999 -201.873734
285.148999 -201.873734
285.148999 -201.873734
285.148999 -201.873734
285.148999 -201.873734
285.148999 -201.873734
285.148999 -201.873734
285.148999 -201.873734
285.148999 -201.873734
285.148999 -201.873734
285.148999 -201.873734
285.148999 -201.873734
285.148999 -201.873734
285.148999 -201.873734
285.148999 -201.873734
285.148999 -201.873734
285.148999 -201.873734
285.148999 -201.873734
285.148999 -201.873734
285.148999 -201.873734
285.148999 -201.873734
285.148999 -201.873734
285.148999 -201.873734
285.148999 -201.873734
285.148999 -201.873734
285.148999 -201.873734
285.148999 -201.873734
285.148999 -201.873734
285.148999 -201.873734
285.148999 -201.873734
285.148999 -201.873734
285.148999 -201.873734
285.148999 -201.873734
285.148999 -201.873734
285.148999 -201.873734
285.148999 -201.873734
285.148999 -201.873734
285.148999 -201.873734
285.148999 -201.873734
285.148999 -201.873734
285.148999 -201.873734
285.148999 -201.873734
285.146144 -201.873593
285.144267 -201.873435
285.148184 -201.873429
285.146842 -201.873758
285.145863 -201.873998
285.146924 -201.873718
285.147743 -201.873609
285.147361 -201.873858
285.147082 -201.874039
285.146878 -201.874171
285.147344 -201.873974
285.146930 -201.874029
285.147007 -201.874091
285.147063 -201.874137
285.147104 -201.874170
285.147134 -201.874194
285.147156 -201.874211
285.147172 -201.874224
285.147184 -201.874234
285.147175 -201.874222
285.147169 -201.874214
285.147164 -201.874208
285.147171 -201.874214
285.147175 -201.874218
285.147179 -201.874222
285.147176 -201.874219
285.147173 -201.874216
285.147173 -201.874221
285.147179 -201.874222
285.147178 -201.874218
285.147178 -201.874214
285.147177 -201.874212
285.147177 -201.874210
285.147176 -201.874209
285.147176 -201.874208
285.147176 -201.874207
285.147176 -201.874206
285.147176 -201.874206
285.147176 -201.874206
285.147176 -201.874205
285.147213 -201.874209
285.147239 -201.874212
285.147259 -201.874214
285.147273 -201.874216
285.147254 -201.874212
285.147239 -201.874209
285.147260 -201.874214
285.147262 -201.874213
285.147263 -201.874211
285.147272 -201.874186
285.147279 -201.874168
285.147266 -201.874213
285.147260 -201.874198
285.147280 -201.874163
285.147291 -201.874191
285.147271 -201.874195
285.147260 -201.874165
285.147288 -201.874183
285.147288 -201.874199
285.147269 -201.874186
285.147264 -201.874177
285.147269 -201.874187
285.147274 -201.874195
285.147271 -201.874180
285.147264 -201.874183
285.147272 -201.874188
285.147277 -201.874192
285.147272 -201.874186
285.147268 -201.874189
285.147273 -201.874189
285.147277 -201.874190
285.147269 -201.874189
285.147265 -201.874189
285.147269 -201.874190
285.147283 -201.874190
285.147269 -201.874189
