244.000000 778.000000
-160.388985 927.893991
322.143873 939.706171
548.065885 -763.017705
-3.406171 968.634446
265.566640 773.747187
617.390778 109.635477
600.538984 978.797462
516.440722 893.124897
323.726009 460.425906
218.227766 531.346192
335.717774 -776.448665
375.867522 -629.431200
341.071865 801.959129
311.879555 -642.884604
284.208104 357.584352
270.612667 23.576736
294.400828 -31.114401
293.752779 528.061042
300.652277 -315.406270
279.493330 570.858729
293.075737 214.468382
295.015383 -624.833199
265.126121 820.046489
267.896515 -378.626596
310.117094 -694.258054
227.418833 530.871902
390.542499 -630.804424
213.342781 -329.724500
295.154221 985.747208
323.737868 -302.653614
248.463680 -258.241603
235.592230 -166.099744
277.799090 -140.186208
299.158392 -256.267932
280.673117 -34.138923
217.472955 -58.604751
297.562486 -260.010488
239.891981 -163.780609
257.822677 -194.002854
320.895470 -215.957758
221.434824 -216.095964
280.256640 -159.306539
282.443927 -232.725503
278.314595 -204.699700
276.355853 -187.121376
293.887764 -194.786227
271.817091 -205.303272
282.919173 -208.930300
282.350920 -201.771426
282.381635 -198.444659
290.416979 -205.474965
283.139492 -200.302713
283.173042 -201.473700
283.251380 -204.040282
283.799784 -201.279842
291.141878 -199.929835
277.600122 -203.325040
299.477195 -203.251505
263.977865 -200.680596
286.724132 -200.462844
296.617175 -205.014181
284.550203 -201.170139
283.818974 -199.961553
286.356256 -203.582805
287.529910 -201.599309
287.013523 -200.807079
282.824515 -203.123448
285.218599 -202.660774
288.146743 -202.381057
286.698388 -201.088797
286.270503 -202.948793
286.367362 -202.953095
283.576029 -199.873331
284.631078 -204.834504
290.531030 -200.807079
284.214987 -200.778713
282.593778 -201.533026
287.017797 -203.431149
284.875711 -203.392248
287.683534 -200.279888
288.466577 -204.462767
286.337756 -198.694837
282.298574 -200.240090
289.079792 -204.766882
285.519967 -203.370982
284.794963 -198.823438
285.846205 -202.269537
287.566863 -204.328563
286.793914 -201.249534
286.902983 -200.953996
287.151295 -203.550338
285.684718 -200.618386
285.296204 -203.948440
288.625087 -202.313841
288.163824 -201.630694
285.864040 -202.953623
287.603836 -202.165775
285.953920 -202.088438
287.764697 -202.565730
286.033261 -201.924664
285.243537 -201.977273
287.692553 -202.724501
285.471381 -202.652514
285.903149 -201.323670
285.674330 -202.682075
285.218724 -202.464246
287.123070 -201.903456
286.672283 -201.931287
284.186903 -202.190383
287.435003 -202.527610
288.183714 -201.702393
282.173542 -202.094748
286.697811 -202.313360
287.547363 -202.030318
283.458327 -202.278597
291.113970 -202.162545
287.165640 -202.062328
284.106144 -202.052133
288.178624 -202.184352
288.093362 -202.435487
286.086461 -202.490339
286.544938 -201.846219
287.216222 -202.195030
284.526027 -202.236103
