-98.000000 883.000000
-968.054108 649.316655
436.235204 634.543221
-644.975640 586.867241
-445.043077 551.538859
-972.371917 430.530493
-239.769196 556.753000
-818.306174 594.852807
617.170506 382.010307
-886.737784 -34.386295
-820.465060 4.128203
970.775401 332.153219
378.937006 48.427247
891.821474 -6.593283
287.650971 313.961001
-666.105774 -200.975365
-483.161019 346.199776
535.338809 300.253706
551.066028 -354.290680
-705.392330 -115.110239
102.061576 -68.618089
757.512241 -247.943735
141.026948 428.108850
-598.077157 -374.822754
272.085263 -102.256704
459.064709 -1.607231
-236.911490 -108.249026
-27.000583 -187.391084
356.325304 -225.529049
91.610985 -230.566313
-212.727023 -205.303967
80.090846 -181.515430
581.862794 -197.441611
-394.885842 -210.194382
932.695678 -214.234346
712.969597 -229.750338
-36.865982 -222.189832
-419.432006 -185.517583
406.425265 -224.219743
848.205899 -232.941774
-341.420001 -229.669843
-432.364553 -202.785129
686.125828 -203.030145
474.848037 -239.381749
-122.629824 -197.908430
194.300491 -212.324363
755.916095 -239.834431
932.108897 -210.637514
-322.455566 -193.966567
-121.710912 -188.347812
731.712383 -265.233115
370.116683 -248.160595
57.012824 -189.418027
409.645842 -233.448459
424.809589 -243.058972
77.516993 -158.219989
96.957056 -189.313071
539.975247 -218.153171
354.415055 -219.322255
186.218912 -201.804559
240.319750 -193.861678
330.048599 -195.650600
303.247082 -198.802841
240.242566 -201.107417
299.342858 -195.933315
333.988767 -192.516064
239.627618 -201.853292
290.827812 -194.241096
309.609874 -188.695705
302.575225 -200.772510
220.250542 -194.283338
177.492315 -196.172329
417.519836 -199.532848
525.622864 -199.700557
222.318258 -193.806866
169.380750 -191.695433
367.496766 -203.198136
431.423044 -196.512507
254.239092 -191.447878
131.177466 -194.932486
362.664603 -198.177906
458.147444 -193.219302
229.213463 -198.244784
150.690192 -200.492983
275.176891 -197.811286
366.052182 -195.853648
131.666868 -196.778911
418.686703 -199.500381
369.942260 -199.742197
177.811294 -193.851264
354.309798 -195.430141
290.902409 -197.573049
243.169529 -199.399368
325.362512 -197.472054
319.635554 -196.599085
279.440389 -197.298820
260.066686 -198.328877
287.911131 -197.428964
306.522116 -197.014199
287.924148 -197.393344
273.509664 -198.144419
279.427838 -197.646438
288.949243 -197.294648
287.858130 -197.679648
278.123452 -197.979498
296.478781 -197.430948
294.602149 -197.535081
272.580710 -197.843457
283.734637 -197.768892
290.967008 -197.595869
283.125749 -197.692196
277.788172 -197.889103
282.937760 -197.645434
288.269472 -197.654141
276.412029 -197.809481
287.717465 -197.684091
291.656591 -197.611057
267.584605 -197.684501
290.394378 -197.842734
285.674387 -197.554872
278.450874 -197.683770
283.099672 -197.953021
286.493295 -198.149574
288.970640 -198.293058
288.633164 -198.225804
284.317608 -198.013583
283.733042 -198.128350
287.768740 -198.267269
287.592964 -198.274164
284.343550 -198.042039
287.288208 -198.036412
287.880123 -198.423380
287.459149 -198.443886
286.393707 -198.264748
287.155311 -198.264945
287.155698 -198.436150
285.880917 -198.506658
284.950327 -198.558129
286.020385 -198.541470
286.053796 -198.484210
285.703144 -198.451240
284.386157 -198.618787
284.060867 -198.708860
284.771080 -198.695114
286.090412 -198.375405
286.303867 -198.716857
284.196274 -198.653231
284.590394 -198.543770
287.248799 -198.677505
287.435389 -198.742080
280.887789 -198.378462
285.515442 -198.632299
287.578168 -198.786040
283.366191 -198.543135
285.220814 -198.447772
286.844424 -198.495620
284.082628 -198.944958
282.986729 -199.192854
284.870254 -198.616996
283.489584 -198.686742
282.558229 -199.303630
287.374482 -199.415623
290.890347 -199.497378
289.653217 -199.471896
287.851584 -199.287456
284.832794 -199.419692
286.993103 -199.513870
286.248400 -199.875966
286.428902 -200.187676
288.413877 -200.432310
286.641515 -200.019075
286.439830 -200.171752
285.890653 -200.314934
285.487667 -200.625385
285.634341 -200.729007
285.886846 -200.756397
285.759390 -200.297275
285.515614 -200.410117
285.751725 -201.088711
285.985310 -200.442462
285.825579 -200.476088
285.614522 -201.162558
285.516596 -200.477664
285.937428 -201.076719
286.119796 -200.445579
285.441394 -200.022613
285.695137 -200.930392
286.007845 -201.093968
286.041861 -200.010489
285.275311 -201.311140
285.043697 -201.313647
285.050995 -199.918825
286.604478 -202.135510
285.289238 -202.606991
284.728737 -200.286050
286.493056 -199.892141
285.115138 -200.656467
284.257455 -202.124204
285.150802 -202.092569
285.802945 -202.069476
285.816597 -202.103684
283.301593 -202.105230
285.675940 -202.086193
287.310973 -202.079207
283.348353 -202.119026
284.060856 -202.059390
287.235131 -202.072564
285.597649 -202.089490
283.871484 -202.106646
286.629682 -202.096177
284.687672 -202.080551
284.576177 -202.105742
286.233695 -202.104700
284.334747 -202.081662
284.268763 -202.094845
286.707877 -202.097125
285.824007 -202.094037
284.846649 -202.086301
284.454011 -202.090695
285.192201 -202.096835
285.645868 -202.087055
284.449397 -202.091835
283.888306 -202.096262
287.516578 -202.091702
288.134608 -202.090967
279.976909 -202.092653
285.013917 -202.093683
289.080605 -202.092688
287.431781 -202.091873
284.255000 -202.092730
283.100382 -202.092955
285.325350 -202.092509
286.440969 -202.092311
284.195230 -202.092389
285.592887 -202.092512
285.332301 -202.092661
284.543371 -202.092472
284.158662 -202.092490
286.725182 -202.092631
284.879455 -202.092580
283.887515 -202.092508
284.110143 -202.092544
284.504015 -202.092586
286.194337 -202.092582
284.725802 -202.092549
284.667998 -202.092549
285.761951 -202.092568
285.735391 -202.092585
284.061870 -202.092584
285.508628 -202.092555
285.600181 -202.092564
284.621916 -202.092578
284.578772 -202.092570
284.979861 -202.092564
285.632735 -202.092573
285.054356 -202.092570
284.821827 -202.092567
285.001888 -202.092567
285.396736 -202.092571
285.364519 -202.092570
284.822463 -202.092568
285.419777 -202.092570
285.264731 -202.092570
284.886419 -202.092569
285.342576 -202.092569
285.397771 -202.092570
284.773547 -202.092569
284.932133 -202.092569
285.480974 -202.092570
285.422120 -202.092570
284.837838 -202.092569
284.843277 -202.092569
285.185849 -202.092570
285.395312 -202.092570
285.207302 -202.092569
284.969870 -202.092569
284.855908 -202.092570
285.297842 -202.092569
285.206882 -202.092569
285.037188 -202.092570
285.149419 -202.092569
285.233683 -202.092569
285.148522 -202.092570
285.086794 -202.092570
285.233607 -202.092569
285.077096 -202.092569
284.990074 -202.092570
285.308477 -202.092569
285.429093 -202.092569
285.190745 -202.092570
284.909466 -202.092570
285.358698 -202.092569
285.001280 -202.092569
285.043018 -202.092570
285.272292 -202.092570
285.183203 -202.092569
285.090695 -202.092570
285.188371 -202.092569
