-20.000000
-13.000000
-19.736838
-27.377661
350.981002
9.815304
-20.313731
275.846436
579.591413
-93.923386
-481.573233
-71.534286
708.431813
895.590603
-568.801166
702.161618
-208.436378
593.405015
286.895773
-505.556033
310.721350
112.830788
-789.543563
-828.544097
383.982059
974.217153
822.986163
50.549878
657.298844
-875.894326
-48.730405
-613.751855
-705.669757
-389.402918
33.854365
528.750761
484.343033
-749.058725
-931.523577
579.887766
709.467276
455.456978
192.256724
493.182652
705.975042
335.971042
54.726081
-936.657108
-61.372816
-394.100162
-264.700928
-620.311793
-444.916503
-357.836055
-52.657039
-616.799231
-378.835497
155.401741
-489.400662
-687.716341
418.832587
-471.289063
-643.245887
-504.010498
-208.307888
-554.737795
-78.225656
-857.186856
-67.731008
563.757954
874.973873
546.879992
-11.360670
-315.906307
-908.214615
-745.049062
-411.124374
905.187050
920.126569
-188.726942
443.211785
-913.320795
690.587722
-541.286904
999.881562
687.373587
268.171857
84.953019
176.165960
618.013182
792.907683
-95.930385
331.607358
930.866565
710.945868
208.864764
150.407680
950.177258
-613.407416
794.937253
-659.246291
-162.843830
166.245712
971.647227
751.177458
-241.460490
-499.802892
282.833579
-596.134117
-214.183433
