2.338228 
-0.616464 
1.284123 
0.244335 
2.584192 
0.223134 
0.243660 
2.169028 
1.502055 
1.297288 
3.235321 
0.282413 
2.168615 
1.474723 
1.059701 
2.350901 
2.507532 
3.683802 
2.158177 
1.742231 
1.176873 
1.319718 
3.130706 
0.601582 
-0.061389 
2.029663 
1.545311 
2.073853 
1.036365 
2.128543 
1.369158 
1.733865 
-0.548373 
1.276558 
0.785048 
2.190821 
-0.489392 
1.391749 
2.569252 
-0.165617 
0.234159 
1.254626 
1.259849 
-0.709594 
1.934879 
-0.038356 
-0.402451 
1.786742 
-0.699704 
-0.954180 
1.075515 
2.139800 
2.227079 
2.056972 
0.262442 
-0.709735 
1.648203 
1.033738 
1.056485 
1.813433 
1.840625 
2.039669 
0.551294 
-0.354135 
0.801763 
0.058234 
1.788006 
2.446618 
1.902019 
1.911073 
1.042874 
2.994715 
2.167288 
2.270256 
1.654106 
0.323991 
0.885136 
1.242041 
1.553304 
1.637281 
-0.277306 
1.403799 
1.373388 
1.047302 
1.945155 
0.357037 
1.485810 
1.504559 
-0.306906 
2.698123 
0.749670 
1.639428 
0.388740 
2.906949 
2.466525 
1.387267 
-0.465270 
1.066275 
2.199332 
0.326544 
0.903840 
0.949501 
0.829761 
-0.293415 
-0.046879 
0.018851 
0.070871 
-0.777036 
-0.877460 
0.063457 
-0.342068 
0.813339 
-0.525705 
-0.468859 
-0.224692 
0.008749 
-0.754546 
-0.341217 
-0.267996 
-0.730101 
1.180594 
-0.502739 
-0.175444 
0.127575 
0.182026 
-0.460408 
0.321675 
1.302709 
-1.071072 
-0.057225 
-0.780276 
-0.223594 
-0.464740 
-0.055245 
-0.647932 
-1.000927 
-0.094664 
-0.923320 
-0.385442 
-0.829129 
-0.423828 
-1.043046 
-0.859642 
-0.807076 
-0.781698 
-0.290715 
-0.167470 
-1.046190 
-0.678512 
-0.872954 
-0.602886 
-0.674062 
-1.030030 
-0.802840 
-1.041803 
-1.040261 
-1.050030 
-0.995360 
-1.067859 
-1.037177 
-1.040129 
-1.063835 
-1.031710 
-1.043389 
-0.973987 
-1.007232 
-1.051732 
-1.044146 
-1.018869 
-1.044972 
-1.046516 
-1.029833 
-1.074419 
-1.056912 
-1.055400 
-1.068856 
-1.069015 
-1.073246 
-1.065583 
-1.073083 
-1.069997 
-1.075245 
-1.070946 
-1.074897 
-1.074331 
-1.072581 
-1.066919 
-1.069731 
-1.072118 
-1.073705 
-1.071948 
-1.071474 
-1.074873 
-1.075107 
-1.073373 
-1.073516 
-1.073878 
-1.074115 
-1.072506 
-1.073876 
-1.072895 
-1.073831 
-1.064663 
-1.071211 
-1.066906 
-1.074394 
-1.068244 
-1.062020 
-1.058043 
-1.056417 
-1.069013 
-1.063837 
-1.072469 
-1.072922 
-1.074647 
-1.072796 
-1.073687 
-1.074575 
-1.073898 
-1.071613 
-1.074671 
-1.074586 
-1.071351 
-1.075233 
-1.072902 
-1.072180 
-1.069506 
-1.069494 
-1.071146 
-1.070030 
-1.072101 
-1.069813 
-1.061587 
-1.069849 
-1.075105 
-1.073542 
-1.073478 
-1.070371 
-1.070865 
-1.063298 
-1.074900 
-1.069036 
-1.073047 
-1.046338 
-1.073617 
-1.072060 
-1.073975 
-1.070598 
-1.075432 
-1.071169 
-1.075497 
-1.073507 
-1.075087 
-1.073175 
-1.075136 
-1.073640 
-1.074348 
-1.074014 
-1.071715 
-1.073881 
-1.075487 
-1.075004 
-1.075141 
-1.075154 
-1.075359 
-1.075434 
-1.075378 
-1.074884 
-1.075483 
-1.075480 
-1.075465 
-1.075465 
-1.075493 
-1.075528 
-1.075487 
-1.075521 
-1.075517 
-1.075522 
-1.075497 
-1.075464 
-1.075518 
-1.075517 
-1.075484 
-1.075500 
-1.075501 
-1.075455 
-1.075491 
-1.075471 
-1.075492 
-1.075463 
-1.075527 
-1.075451 
-1.075528 
-1.075500 
-1.075500 
-1.075468 
-1.075524 
-1.075503 
