1.963815 
0.885871 
-0.194367 
0.449075 
-0.724214 
2.029922 
1.022382 
1.123598 
0.101443 
0.636440 
-0.529868 
0.473514 
0.839757 
0.957235 
1.546421 
2.369848 
1.398852 
1.266190 
0.511180 
0.056950 
1.243660 
1.036780 
1.436084 
1.121252 
-0.839711 
-0.643168 
-0.013345 
1.486918 
-0.442902 
0.228067 
0.097704 
0.614007 
0.903156 
-0.767112 
1.245293 
-0.844305 
0.246962 
-0.835357 
0.074935 
0.223440 
0.363016 
-0.922712 
0.844336 
0.212639 
1.023345 
0.288778 
1.148071 
0.285746 
-0.492507 
1.518924 
1.563602 
1.309513 
-0.566519 
-0.445616 
1.447642 
1.556049 
-1.066095 
0.611097 
-0.519385 
-0.741186 
-0.597392 
0.663550 
0.674631 
1.174930 
0.141643 
0.652338 
-0.716256 
-0.486461 
1.319792 
0.609533 
-0.677239 
-0.278784 
1.088170 
-0.153402 
1.545309 
-0.454861 
1.026849 
-0.475198 
-0.112116 
0.509785 
1.079747 
1.592289 
1.231724 
1.120570 
1.133707 
1.654962 
0.530076 
1.539163 
0.273717 
1.630714 
-0.852164 
-0.436986 
0.550152 
-0.440471 
0.587047 
-0.888542 
0.784754 
-1.012915 
0.592203 
-1.055930 
0.060016 
0.612920 
0.153719 
0.452572 
0.126742 
0.093660 
0.737350 
0.558747 
-0.711113 
-0.786232 
-1.069862 
-0.905260 
-1.063458 
-0.882590 
-1.033923 
-1.033205 
-1.062011 
-0.986889 
-0.766052 
-0.930120 
-0.793561 
-0.850949 
-1.010504 
-0.839697 
-1.074606 
-0.973473 
-1.031502 
-0.930260 
-1.049846 
-0.955317 
-1.019311 
-0.945525 
-1.055959 
-0.959463 
-0.847704 
-1.013558 
-1.005905 
-0.967830 
-1.039145 
-1.056282 
-1.073093 
-1.064667 
-1.074321 
-1.064724 
-1.073347 
-1.063502 
-1.063907 
-1.073317 
-1.069876 
-1.073715 
-1.066792 
-1.072704 
-1.067890 
-1.074357 
-1.075493 
-1.074328 
-1.075490 
-1.075146 
-1.073906 
-1.073125 
-1.073287 
-1.071935 
-1.074992 
-1.073494 
-1.075512 
-1.074062 
-1.075230 
-1.074782 
-1.073370 
-1.073957 
-1.071804 
-1.068126 
-1.066565 
-1.069364 
-1.074463 
-1.073103 
-1.075286 
-1.074762 
-1.075340 
-1.075346 
-1.075467 
-1.075492 
-1.075367 
-1.075443 
-1.075502 
-1.075430 
-1.075492 
-1.075472 
-1.075482 
-1.075464 
-1.075402 
-1.075314 
-1.075004 
-1.075252 
-1.075507 
-1.075335 
-1.075479 
-1.075399 
-1.075471 
-1.075451 
-1.075510 
-1.075498 
-1.075440 
-1.075500 
-1.075515 
-1.075492 
-1.075528 
-1.075531 
-1.075522 
-1.075519 
-1.075531 
-1.075532 
-1.075531 
-1.075531 
-1.075530 
-1.075532 
-1.075531 
-1.075532 
-1.075530 
-1.075532 
-1.075531 
-1.075532 
-1.075531 
-1.075532 
-1.075530 
-1.075532 
-1.075532 
-1.075531 
-1.075529 
-1.075523 
-1.075531 
-1.075524 
-1.075531 
-1.075528 
-1.075531 
-1.075529 
-1.075532 
-1.075529 
-1.075532 
-1.075532 
-1.075530 
-1.075532 
-1.075533 
-1.075531 
-1.075533 
-1.075533 
-1.075532 
-1.075533 
-1.075532 
-1.075532 
-1.075531 
-1.075533 
-1.075533 
-1.075533 
-1.075532 
-1.075533 
-1.075532 
-1.075533 
-1.075533 
-1.075533 
-1.075533 
-1.075532 
-1.075533 
-1.075532 
-1.075532 
-1.075533 
-1.075532 
-1.075532 
-1.075532 
-1.075533 
-1.075533 
-1.075533 
-1.075533 
-1.075533 
-1.075533 
-1.075533 
-1.075533 
-1.075533 
-1.075533 
-1.075533 
-1.075533 
-1.075533 
-1.075533 
-1.075533 
-1.075533 
-1.075533 
-1.075533 
-1.075533 
-1.075533 
-1.075533 
-1.075533 
-1.075533 
-1.075533 
-1.075533 
-1.075533 
-1.075533 
-1.075533 
-1.075533 
-1.075533 
-1.075533 
-1.075533 
-1.075533 
-1.075533 
-1.075533 
-1.075533 
-1.075533 
-1.075533 
-1.075533 
-1.075533 
-1.075533 
-1.075533 
-1.075533 
-1.075533 
-1.075533 
-1.075533 
-1.075533 
-1.075533 
-1.075533 
-1.075533 
-1.075533 
-1.075533 
-1.075533 
-1.075533 
-1.075533 
-1.075533 
-1.075533 
-1.075533 
-1.075533 
-1.075533 
-1.075533 
-1.075533 
-1.075533 
-1.075533 
-1.075533 
-1.075533 
-1.075533 
-1.075533 
-1.075533 
-1.075533 
-1.075533 
-1.075533 
-1.075533 
-1.075533 
-1.075533 
-1.075533 
-1.075533 
-1.075533 
-1.075533 
-1.075533 
-1.075533 
-1.075533 
-1.075533 
-1.075533 
-1.075533 
-1.075533 
-1.075533 
-1.075533 
-1.075533 
-1.075533 
-1.075533 
-1.075533 
-1.075533 
-1.075533 
-1.075533 
-1.075533 
-1.075533 
-1.075533 
-1.075533 
-1.075533 
-1.075533 
-1.075533 
-1.075533 
-1.075533 
-1.075533 
-1.075533 
-1.075533 
-1.075533 
-1.075533 
-1.075533 
-1.075533 
-1.075533 
-1.075533 
-1.075533 
-1.075533 
-1.075533 
-1.075533 
-1.075533 
-1.075533 
-1.075533 
-1.075533 
-1.075533 
-1.075533 
-1.075533 
-1.075533 
-1.075533 
-1.075533 
-1.075533 
-1.075533 
-1.075533 
-1.075533 
-1.075533 
-1.075533 
-1.075533 
-1.075533 
-1.075533 
-1.075533 
-1.075533 
-1.075533 
-1.075533 
-1.075533 
-1.075533 
-1.075533 
-1.075533 
-1.075533 
-1.075533 
-1.075533 
-1.075533 
-1.075533 
-1.075533 
-1.075533 
-1.075533 
-1.075533 
-1.075533 
-1.075533 
-1.075533 
-1.075533 
-1.075533 
-1.075533 
-1.075533 
-1.075533 
-1.075533 
-1.075533 
-1.075533 
-1.075533 
-1.075533 
-1.075533 
-1.075533 
-1.075533 
-1.075533 
-1.075533 
-1.075533 
-1.075533 
-1.075533 
-1.075533 
-1.075533 
-1.075533 
-1.075533 
-1.075533 
-1.075533 
-1.075533 
-1.075533 
-1.075533 
-1.075533 
-1.075533 
-1.075533 
-1.075533 
-1.075533 
-1.075533 
-1.075533 
-1.075533 
-1.075533 
-1.075533 
-1.075533 
-1.075533 
-1.075533 
-1.075533 
-1.075533 
-1.075533 
-1.075533 
-1.075533 
-1.075533 
-1.075533 
-1.075533 
-1.075533 
-1.075533 
-1.075533 
-1.075533 
-1.075533 
-1.075533 
-1.075533 
-1.075533 
-1.075533 
-1.075533 
-1.075533 
-1.075533 
-1.075533 
-1.075533 
-1.075533 
-1.075533 
-1.075533 
-1.075533 
-1.075533 
-1.075533 
-1.075533 
-1.075533 
-1.075533 
-1.075533 
-1.075533 
-1.075533 
-1.075533 
