0.510712 
0.474190 
0.448788 
-0.447668 
-0.307418 
0.288636 
0.023361 
0.377108 
-0.469666 
-1.039278 
0.830711 
1.160360 
1.163090 
-0.509918 
0.863028 
1.162630 
0.415748 
0.500260 
1.218855 
-0.871340 
-0.537374 
-0.067583 
0.876827 
-0.352337 
0.334287 
-1.072679 
-0.163333 
-0.786364 
-0.998574 
-1.056381 
-0.755032 
-0.867310 
-0.634850 
-0.870066 
-0.932888 
-1.018707 
-0.951189 
-0.709161 
-0.987852 
-0.585525 
-0.784478 
-0.678926 
-0.477301 
-0.348114 
-0.686963 
-0.430860 
-0.099147 
-0.907230 
-0.459871 
-0.737022 
-0.581601 
-0.870602 
-0.676990 
-0.080953 
-0.649993 
-0.432051 
-0.872490 
-0.517427 
-1.019753 
-0.897614 
-0.505083 
0.048560 
-0.818576 
-0.593765 
-0.410680 
-0.690503 
-0.284448 
-0.246156 
-0.240312 
-0.487562 
0.343923 
-0.521635 
-0.096334 
-0.875139 
0.005930 
-0.404029 
-0.660899 
-1.063883 
-0.513066 
0.635105 
-0.397166 
-0.544005 
-0.993561 
-0.090378 
-0.580993 
-0.611771 
-0.458711 
-0.769267 
-0.700371 
-0.478479 
-0.815451 
-1.048040 
-0.363167 
0.240629 
0.122552 
-0.950440 
-0.401913 
0.839424 
-0.981150 
-0.329349 
0.639115 
0.642037 
-0.072434 
-1.047954 
0.014076 
0.598960 
-0.121927 
-0.298363 
-0.126958 
0.153494 
-0.298261 
0.802957 
-1.029939 
-0.113837 
-0.277252 
0.125397 
0.609926 
0.432313 
-0.096553 
-0.688173 
-0.500936 
-0.219533 
0.135975 
-0.779569 
-0.082894 
-0.418409 
-0.782296 
0.048420 
0.046563 
-0.892361 
-0.217611 
-0.369913 
0.530083 
-0.347013 
-0.800999 
-1.035058 
-0.527799 
-0.163162 
-0.648001 
-0.194948 
0.416314 
-0.959297 
-0.594521 
-0.537205 
0.447889 
-0.758660 
-0.518865 
1.000607 
0.763678 
0.547553 
-0.475663 
-0.286966 
-0.457376 
-0.901323 
-0.616365 
-0.516171 
0.120025 
-0.404351 
-0.444224 
0.048887 
-0.048878 
-0.081752 
-0.537888 
-0.249817 
-0.988292 
-1.058329 
-0.514992 
-0.327451 
-0.581543 
0.029668 
-1.069963 
-0.246876 
-0.222402 
-1.007399 
-0.941617 
-0.272041 
0.033776 
-0.851450 
0.030163 
-1.072935 
-0.293128 
-0.375510 
-0.426371 
-0.173639 
-0.528308 
-1.012258 
-1.069562 
-0.447772 
-0.421762 
0.034747 
-0.394494 
-0.290560 
-0.565977 
-0.378557 
0.018927 
-0.636898 
-0.291156 
-1.075275 
-0.774183 
-0.281314 
-0.605528 
-1.074474 
0.025109 
-0.378905 
-1.035409 
-0.950810 
-0.085400 
-0.007366 
-0.670010 
-0.533798 
-0.282513 
0.336364 
-0.537265 
0.829187 
-0.218029 
-1.069941 
-0.013952 
-0.060514 
-0.973391 
0.062548 
-1.040535 
0.046173 
0.732919 
-0.893294 
-0.037865 
-0.020921 
-0.885506 
-0.890670 
-1.050184 
-1.069610 
-1.067611 
-1.068258 
-1.068013 
-1.075106 
-1.068865 
-1.052641 
-1.056607 
-0.965766 
-1.070727 
-1.027013 
-1.024011 
-1.050813 
-1.068233 
-1.044882 
-1.036444 
-1.073214 
-1.026068 
-1.064440 
-1.016568 
-1.070794 
-1.055057 
-1.064318 
-1.018846 
-1.075358 
-1.041424 
-1.062796 
-1.030460 
-1.039437 
-1.072859 
-1.062155 
-1.003918 
-1.023743 
-1.020514 
-0.993453 
-1.071061 
-1.043331 
-1.052573 
-1.064680 
-1.060353 
-1.038257 
-1.075223 
-1.050884 
-1.074134 
-1.061980 
-1.046185 
-1.027808 
-1.061523 
-1.030198 
-1.075452 
-1.054873 
-1.042084 
-1.074978 
-1.047476 
-1.057467 
-1.067531 
-1.040156 
-1.050503 
-1.074837 
-1.050933 
-1.061847 
-1.042676 
-1.041764 
-0.973686 
-0.980836 
-1.074751 
-0.970663 
-0.889612 
-1.001296 
