2.491599 
3.208075 
1.263203 
1.449848 
0.791317 
1.427207 
1.141639 
2.119722 
0.113284 
1.745758 
1.822343 
1.585491 
0.770615 
2.165590 
-0.496515 
-0.166426 
-0.105056 
0.148420 
0.508694 
0.313557 
0.175850 
0.412477 
-0.368133 
0.839430 
-0.612267 
0.628740 
0.178964 
-0.020119 
-0.986594 
-0.497786 
-0.167007 
-0.460693 
-0.352275 
-0.521828 
0.970910 
0.177463 
0.013778 
-0.523691 
-0.887988 
0.695335 
-0.425843 
-0.539493 
0.036734 
-0.650870 
0.027639 
-0.950191 
0.372770 
0.964839 
-0.429471 
0.037235 
0.406690 
-0.883870 
-0.358372 
-0.855130 
-0.781680 
-0.373475 
-0.557949 
-0.490396 
-1.002533 
-0.932852 
-1.044188 
-1.048471 
-1.070815 
-1.047325 
-1.071116 
-1.041565 
-1.046559 
-1.072144 
-1.059036 
-1.071538 
-1.012626 
-0.904248 
-0.885515 
-0.553669 
-1.016108 
-0.873557 
-0.995780 
-0.847693 
-1.056855 
-0.724927 
-1.003707 
-0.769001 
-1.030667 
-0.809275 
-1.073358 
-0.996619 
-0.728219 
-0.882521 
-0.991164 
-0.903653 
-1.016050 
-1.074155 
-1.050671 
-1.054279 
-1.059085 
-1.074032 
-1.066292 
-1.074426 
-1.068448 
-1.074409 
-1.073003 
-1.074186 
-1.074275 
-1.074540 
-1.074101 
-1.072851 
-1.073404 
-1.072579 
-1.074648 
-1.074156 
-1.074588 
-1.074000 
-1.074558 
-1.074498 
-1.073669 
-1.074552 
-1.074051 
-1.070459 
-1.074343 
-1.074579 
-1.074039 
-1.074694 
-1.074803 
-1.074687 
-1.074695 
-1.074765 
-1.074792 
-1.074780 
-1.074794 
-1.074777 
-1.074722 
-1.074828 
-1.074863 
-1.074849 
-1.074816 
-1.074878 
-1.074948 
-1.074972 
-1.074957 
-1.074937 
-1.074932 
-1.074986 
-1.075007 
-1.075016 
-1.074898 
-1.075008 
-1.074993 
-1.074964 
-1.074954 
-1.074964 
-1.074669 
-1.074996 
-1.074969 
-1.074926 
-1.074935 
-1.074914 
-1.075081 
-1.075105 
-1.074992 
-1.074979 
-1.075107 
-1.075159 
-1.074811 
-1.074971 
-1.075095 
-1.075225 
-1.075204 
-1.075313 
-1.075366 
-1.075286 
-1.075328 
-1.075363 
-1.075402 
-1.075452 
-1.075463 
-1.075462 
-1.075401 
-1.075422 
-1.075496 
-1.075419 
-1.075427 
-1.075504 
-1.075432 
-1.075492 
-1.075416 
-1.075357 
-1.075483 
-1.075492 
-1.075345 
-1.075516 
-1.075517 
-1.075338 
-1.075501 
-1.075505 
-1.075402 
-1.075309 
-1.075457 
-1.075519 
-1.075530 
-1.075525 
-1.075524 
-1.075485 
-1.075527 
-1.075469 
-1.075487 
-1.075515 
-1.075473 
-1.075528 
-1.075508 
-1.075501 
-1.075528 
-1.075526 
-1.075514 
-1.075522 
-1.075520 
-1.075498 
-1.075524 
-1.075529 
-1.075524 
-1.075530 
-1.075527 
-1.075524 
-1.075509 
-1.075456 
-1.075412 
-1.075174 
-1.075530 
-1.075326 
-1.075461 
-1.075520 
-1.075475 
-1.075530 
-1.075508 
-1.075518 
-1.075528 
-1.075530 
-1.075525 
-1.075517 
-1.075497 
-1.075529 
-1.075509 
-1.075516 
-1.075525 
-1.075516 
-1.075528 
-1.075527 
-1.075525 
-1.075526 
-1.075515 
-1.075529 
-1.075528 
-1.075527 
-1.075526 
-1.075530 
-1.075527 
-1.075530 
-1.075529 
-1.075530 
-1.075529 
-1.075530 
-1.075529 
-1.075529 
-1.075530 
-1.075529 
-1.075530 
-1.075529 
-1.075528 
-1.075530 
-1.075529 
-1.075529 
-1.075529 
-1.075529 
-1.075530 
-1.075529 
-1.075530 
-1.075530 
-1.075529 
-1.075530 
-1.075530 
-1.075530 
-1.075530 
-1.075530 
-1.075530 
-1.075530 
-1.075530 
-1.075530 
-1.075530 
-1.075530 
-1.075529 
-1.075530 
-1.075530 
-1.075530 
-1.075530 
-1.075530 
-1.075530 
-1.075530 
-1.075530 
-1.075530 
