1.359633 
0.020614 
0.411657 
0.067240 
1.976036 
1.488446 
2.708867 
1.975975 
2.224197 
1.584963 
1.945453 
2.951299 
0.447534 
0.717847 
1.399525 
1.643363 
1.141496 
1.407012 
1.378697 
0.044348 
1.098468 
1.400940 
2.287787 
1.756683 
2.948767 
1.959305 
1.167095 
0.950541 
1.866504 
-0.244517 
1.289307 
0.969080 
-0.228221 
-0.085291 
-0.844673 
0.783145 
-0.252882 
-0.125023 
-0.566177 
0.959714 
-0.921544 
0.056283 
0.490135 
-0.783955 
0.039877 
0.711485 
0.664682 
0.270837 
-1.021724 
0.950815 
-0.044646 
0.471606 
-0.475668 
0.613586 
-0.934552 
-0.984105 
-0.339491 
0.667469 
-0.275214 
-0.417278 
-0.486816 
-0.153674 
-0.517896 
-0.538643 
-0.161759 
-0.100607 
1.026522 
-0.438458 
0.045185 
-0.854786 
-0.729183 
-0.207277 
0.154892 
-0.575227 
0.094111 
-0.151604 
-0.484468 
-0.471787 
-1.004582 
-0.433070 
-0.045468 
-0.995124 
-0.211881 
0.048633 
-0.014167 
0.541364 
-0.505805 
-0.338907 
-0.850240 
-0.511329 
-0.043198 
0.047340 
-0.234374 
-0.219727 
-0.408370 
0.834030 
-0.686048 
0.057024 
0.117828 
-0.054757 
1.091682 
-0.363751 
-0.653316 
0.502952 
0.047371 
-0.231924 
-0.386368 
0.027128 
-0.671189 
0.767474 
-0.503561 
0.006210 
0.713270 
0.023890 
-0.205768 
-0.580369 
-0.161847 
-1.070400 
-0.667209 
-1.027622 
-0.435203 
-1.066000 
-0.750537 
-1.044937 
-0.611335 
-0.868866 
-0.770475 
-0.090926 
-0.235243 
-0.197754 
0.009917 
0.056516 
-0.852214 
-0.941548 
-1.054557 
-0.970370 
-0.661612 
-0.554834 
-0.808721 
-0.893884 
-0.928261 
-0.831758 
-1.071030 
-0.966297 
-1.046695 
-1.075015 
-1.059141 
-1.060762 
-1.040226 
-1.052869 
-1.036552 
-0.978453 
-1.026181 
-1.069697 
-1.050605 
-1.055309 
-1.000139 
-0.997146 
-1.031409 
-1.039791 
-1.049435 
-1.065259 
-1.025749 
-0.973477 
-0.915761 
-0.772974 
-0.894122 
-1.064552 
-0.912788 
-0.957503 
-1.030987 
-1.061867 
-1.067029 
-1.066881 
-1.062019 
-1.060105 
-1.071994 
-1.064930 
-1.070842 
-1.072981 
-1.075476 
-1.074586 
-1.074829 
-1.074883 
-1.074087 
-1.075033 
-1.075357 
-1.075457 
-1.075399 
-1.075494 
-1.075147 
-1.075507 
-1.075443 
-1.075486 
-1.075445 
-1.075435 
-1.075442 
-1.075481 
-1.075482 
-1.075512 
-1.075485 
-1.075520 
-1.075532 
-1.075532 
-1.075528 
-1.075532 
-1.075532 
-1.075532 
-1.075526 
-1.075532 
-1.075531 
-1.075530 
-1.075532 
-1.075532 
-1.075533 
-1.075530 
-1.075528 
-1.075532 
-1.075530 
-1.075521 
-1.075515 
-1.075523 
-1.075522 
-1.075529 
-1.075527 
-1.075533 
-1.075528 
-1.075532 
-1.075530 
-1.075502 
-1.075501 
-1.075477 
-1.075519 
-1.075457 
-1.075509 
-1.075528 
-1.075523 
-1.075531 
-1.075532 
-1.075532 
-1.075523 
-1.075530 
-1.075530 
-1.075525 
-1.075532 
-1.075526 
-1.075532 
-1.075530 
-1.075533 
-1.075529 
-1.075531 
-1.075532 
-1.075531 
-1.075530 
-1.075531 
-1.075532 
-1.075533 
-1.075531 
-1.075527 
-1.075530 
-1.075531 
-1.075533 
-1.075531 
-1.075528 
-1.075530 
-1.075532 
-1.075532 
-1.075531 
-1.075532 
-1.075532 
-1.075533 
-1.075529 
-1.075532 
-1.075532 
-1.075529 
-1.075527 
-1.075526 
-1.075532 
-1.075520 
-1.075531 
-1.075529 
-1.075533 
-1.075517 
-1.075523 
-1.075533 
-1.075533 
-1.075522 
-1.075532 
-1.075530 
-1.075516 
-1.075507 
-1.075530 
-1.075519 
-1.075532 
-1.075515 
-1.075532 
-1.075530 
-1.075527 
